time;ExecutionTime;posZ-marker;posZ-laser;speedX-marker;speedY-marker;speedX-feature;speedY-feature
77.6602494;0.08380609999998967;0.336125461996953;0.3253184288552722;1.3470038608745222e-05;2.440041844672702e-05;0.0019502644760574436;0.0009679569269681677
77.812198;0.08665790000000584;0.336125461996953;0.32737740625309036;-1.8325010214895097e-05;7.673305320673574e-06;0.0022138411313052547;0.0009537393177010735
77.9957629;0.09526440000000491;0.3365549665076394;0.32737740625309036;0.00020741174086909145;-0.00013634373014079847;0.0020789676171499715;0.0009406314447730114
78.1968652;0.11177250000000072;0.336125461996953;0.3253184288552722;4.566887200256829e-06;-1.6015420058006135e-05;0.0017520983382522035;0.0007613515646806632
78.3651065;0.08945009999999343;0.336125461996953;0.3253184288552722;4.566887200256829e-06;-1.6015420058006135e-05;0.0013136855233535961;0.0005537396033568731
78.5325641;0.09171040000001085;0.336125461996953;0.3253184288552722;4.566887200256829e-06;-1.6015420058006135e-05;0.0013105816444217732;0.0004404673619348859
78.684633;0.08170150000000831;0.336125461996953;0.32737740625309036;4.566887200256829e-06;-1.6015420058006135e-05;0.0008239285014005218;0.0001849034940018956
78.8633119;0.10567360000000292;0.336125461996953;0.3253184288552722;4.566887200256829e-06;-1.6015420058006135e-05;0.0008307264357926556;0.00017429820982944741
79.0324606;0.0909603000000061;0.33597112236519905;0.32737740625309036;-3.9361625310058803e-05;0.00018743324210808183;0.0009644019083498009;0.00027908115428750506
79.1948218;0.08903630000000362;0.3360637555355121;0.32737740625309036;-4.0915918687428855e-05;6.569025555719729e-05;0.0014558229998141697;0.0002692572585758977
79.3514123;0.07982749999999328;0.3360637555355121;0.32737740625309036;-4.0915918687428855e-05;6.569025555719729e-05;0.0018932054057800498;5.246243236809963e-05
79.5071702;0.07872760000000767;0.336125461996953;0.3253184288552722;-2.0208151601152134e-05;7.341702137899107e-05;0.002243779617276784;0.0003359502138624346
79.6586117;0.0779178000000087;0.336125461996953;0.32737740625309036;2.135409666180855e-06;-4.938651445161306e-06;0.002735967608429913;0.00037625192421133965
79.8212215;0.0934424000000007;0.336125461996953;0.32737740625309036;2.135409666180855e-06;-4.938651445161306e-06;0.0033667131716981465;0.0007793729200510689
80.003873;0.11044900000000268;0.336125461996953;0.32737740625309036;2.135409666180855e-06;-4.938651445161306e-06;0.0036323085616533357;0.0008355071072568274
80.1863135;0.09151929999998742;0.336746862026756;0.32737740625309036;4.8658986081830865e-06;-0.00010538389963763983;0.003669564577501948;0.0010297277179511389
80.3724331;0.09406680000000733;0.33624732803537544;0.32737740625309036;-2.497820005292933e-05;-1.6535086856099275e-05;0.004011903528171069;0.0011929862405475038
80.5217123;0.07594510000001264;0.3357700857003814;0.32737740625309036;-0.00012460580975970058;-0.00015551269244908647;0.002854001261974665;0.00177421311063896
80.6780977;0.07609510000000341;0.33703300706251116;0.32737740625309036;-2.0166271583335217e-05;-0.00013613964193788584;0.0021244369104762286;0.0015239472997496059
80.8408991;0.07195289999999943;0.33773172481174946;0.32737740625309036;0.0001328338811965379;-0.00016955963911706947;0.0015223239634892033;0.0014332431139291466
80.9957689;0.08195220000000347;0.3365549665076394;0.32737740625309036;2.0285949693653914e-05;-0.00010338725504567596;0.0013110422695329245;0.0014292038034851445
81.1484418;0.07592999999999961;0.33541796842718297;0.3253184288552722;-0.00016928328772965068;-0.00021847496576889527;0.0016029489896547359;0.0012015473423321976
81.3051758;0.07874719999999513;0.33467638127677507;0.32737740625309036;-0.0002134037539268907;-0.0002237551872841067;0.0006920270382288715;0.0008652837661109567
81.4775695;0.09660619999999653;0.3359615283030709;0.3253184288552722;-3.519917285375803e-05;-0.0001661750602923239;-0.000204140190974576;0.0003513418031370792
81.6335918;0.07962659999999744;0.33605486578312604;0.32737740625309036;-7.168224529209592e-05;-7.644218583083851e-05;0.00017427778218061205;0.0005605037182201554
81.7935724;0.07932230000000118;0.33605486578312604;0.32737740625309036;-4.183814663098357e-05;-0.00016529099861237908;7.779560370043126e-05;0.0003763385679615585
81.9576075;0.09093529999999816;0.33577665778427;0.32737740625309036;9.644328600234431e-05;-5.026451329850314e-05;5.16521151852935e-05;0.00019699911577085037
82.1108341;0.07807979999999759;0.33577665778427;0.32737740625309036;2.52870665782559e-05;-5.916372999412066e-05;0.0010632879430164787;-0.0005094005484719546
82.2807121;0.07998119999999176;0.33468620579041575;0.32737740625309036;-0.00029381958204428003;9.845147027964838e-05;0.0012533786730269977;-0.0003731557054207192
82.4263233;0.07601680000000499;0.3359615283030709;0.32737740625309036;-2.3485317320247846e-05;-9.179332051232357e-05;0.0019763192697598167;-0.0004762534371912842
82.5784746;0.07929889999999773;0.3359615283030709;0.32737740625309036;0.00016608392010305676;2.329439021089572e-05;0.0016680202715242912;-0.0007334666114390586
82.7276418;0.07462360000000956;0.3359615283030709;0.32737740625309036;0.00021020438630029684;2.8574611726107135e-05;0.0008044608606679663;-0.0008568167739516032
82.8953972;0.07910990000000595;0.3364922345307322;0.32737740625309036;0.00017208647325112596;-5.39324205138626e-05;0.001260634522643573;-0.0005515322831718734
83.0521083;0.0724316000000016;0.3359615283030709;0.32737740625309036;6.822231047883416e-05;-1.873263735847587e-05;0.00032479441815084115;-0.000375138512900949
83.2194005;0.09607530000000963;0.3359615283030709;0.32737740625309036;6.822231047883416e-05;-1.873263735847585e-05;-0.0005917795863595194;-0.000810788886948744
83.3744677;0.0812084000000084;0.3359615283030709;0.32737740625309036;4.055622633452902e-05;-8.271159839217198e-05;-0.00049084753927138;-0.000799772634568214
83.5433026;0.08824450000000184;0.3359615283030709;-1;4.055622633452902e-05;-8.271159839217198e-05;-0.0009419985702964802;-0.0009048130240905311
83.7028757;0.08335730000000297;0.3359615283030709;-1;0.0002066627221771919;-0.00020690680148675736;-0.0009175750646140269;-0.0008927078895219003
83.8529283;0.07681280000001323;0.3359615283030709;-1;2.4699217553343625e-06;-4.394958237933398e-07;-0.0009195064633977415;-0.0014254439313774203
84.0196766;0.08799549999999101;0.3359615283030709;-1;2.4699217553343625e-06;-4.394958237933398e-07;-0.0015144907791753849;-0.0013382871091296125
84.1747166;0.07723310000000083;0.3359615283030709;-1;2.4699217553343625e-06;-4.394958237933398e-07;-0.0013279520074082147;-0.001193690736315835
84.322982;0.07660229999999046;0.3359615283030709;0.32737740625309036;-0.0001376167462686275;2.448740942439361e-05;-0.0013651052022508319;-0.0011576404605312175
84.4746566;0.07986610000000383;0.3359615283030709;0.32737740625309036;0.0;0.0;-0.0017442964307296399;-0.0016437367794718103
84.6256553;0.07607439999999599;0.3359615283030709;0.32737740625309036;0.0;0.0;-0.0014248241974197935;-0.0016438539922980513
84.7843359;0.0781436000000042;0.3359615283030709;0.32737740625309036;0.0;0.0;-0.001291108909558939;-0.001636853742972514
84.9448694;0.0764983999999913;0.3359615283030709;0.32737740625309036;0.0;0.0;-0.001490590203350536;-0.001672598475026469
85.1030677;0.0786555999999905;0.3359615283030709;0.32737740625309036;0.0;0.0;-0.0012865476615582442;-0.0016554652384336878
85.2526396;0.07804280000000574;0.3359615283030709;0.32737740625309036;0.0;0.0;-0.001279286512196024;-0.0016455493851196487
85.3934912;0.06632299999999702;0.34065481071238557;0.3315745524871044;0.004084085760440063;-0.003759404268678614;0.002088138367337323;-0.00462875918529589
85.5315727;0.06452939999999785;0.3385598127034104;0.3315745524871044;0.003198847495677814;-0.007309116101137813;0.0023286583942208534;-0.00892938386316291
85.6694755;0.06845849999999132;0.3360218501508147;0.3315745524871044;-0.00566703517034762;-0.0037769853552069247;-0.0210520333576716;-0.0026065979056754717
85.8071775;0.06182610000000466;0.3263778023625251;0.3315745524871044;-0.01572615291061589;0.01677642250300811;-0.04703524120925663;0.01611445330335625
85.9675954;0.06998769999999865;0.33903154462968227;0.34030019860518607;-0.010525049951734155;0.026236486074317406;-0.03782424030371356;0.020962152729502727
86.1092494;0.06887509999999963;0.353531490947315;0.3494975012701911;-0.005755774876576839;0.043583646610040494;-0.03231892584906148;0.03599106715277407
86.249456;0.06726799999999855;0.3524114350671449;0.3567284840550916;-0.005132565139131903;0.053504366038621826;-0.02669711568021226;0.044225799439009644
86.3949012;0.06804990000000544;0.35153158177870203;0.3567284840550916;-0.0048052802465648504;0.06527887860080502;-0.029720680262262322;0.05610996620303989
86.5370494;0.07072859999999537;0.3443703907313985;0.3567284840550916;-0.0010622723656726711;0.08912198362042024;-0.02246202390722289;0.08041647473335223
86.688549;0.07488650000000519;0.33858465646305935;0.3567284840550916;-0.005953040660223217;0.10487529952040128;-0.02869965452725397;0.09129982761724648
86.8365321;0.06468369999998913;0.33858465646305935;0.3567284840550916;-0.005953040660223217;0.10487529952040128;-0.05929732065879745;0.092090411942989
86.9802689;0.06202060000001097;0.33858465646305935;0.35920576519436304;-0.005953040660223217;0.10487529952040128;-0.05929732065879745;0.092090411942989
87.1182048;0.05808850000001087;0.33858465646305935;0.36426500132386114;-0.005953040660223217;0.10487529952040128;-0.055561468496107845;0.09938524632604487
87.2493689;0.05881899999999973;0.33858465646305935;0.36946878705705916;-0.005953040660223217;0.10487529952040128;0.0024751246925927505;0.02991293054523083
87.3828648;0.05626660000000072;0.33858465646305935;0.37755934443787065;-0.005953040660223217;0.10487529952040128;0.0024751246925927505;0.02991293054523083
87.5338542;0.05875770000000102;0.33858465646305935;0.38033551608814914;-0.005953040660223217;0.10487529952040128;0.03595746317971939;0.003869293706294001
87.6777604;0.05462880000000325;0.33858465646305935;0.3860121655820021;-0.005953040660223217;0.10487529952040128;0.06918441658757238;-0.013915606679653608
87.828963;0.0560203999999942;0.33858465646305935;0.3889145126916412;-0.005953040660223217;0.10487529952040128;0.06918441658757238;-0.013915606679653608
87.9591569;0.05582730000000424;0.33858465646305935;0.3831528162073206;-0.005953040660223217;0.10487529952040128;0.06476259749945013;-0.027088646965976144
88.0850608;0.0506792000000047;0.33858465646305935;0.3860121655820021;-0.005953040660223217;0.10487529952040128;0.06476259749945013;-0.027088646965976144
88.2210242;0.05399069999999995;0.33858465646305935;0.3831528162073206;-0.005953040660223217;0.10487529952040128;0.06476259749945013;-0.027088646965976144
88.3594561;0.05198190000000125;0.33858465646305935;0.37755934443787065;-0.005953040660223217;0.10487529952040128;0.06476259749945013;-0.027088646965976144
88.4987221;0.06011490000000208;0.33858465646305935;0.37212683588480777;-0.005953040660223217;0.10487529952040128;0.06476259749945013;-0.027088646965976144
88.6319387;0.051897400000001426;0.33858465646305935;0.36684844104956227;-0.005953040660223217;0.10487529952040128;0.06476259749945013;-0.027088646965976144
88.7740051;0.048221400000002745;0.33858465646305935;0.35428513827389235;-0.005953040660223217;0.10487529952040128;0.06476259749945013;-0.027088646965976144
88.9044713;0.05487229999999954;0.33858465646305935;0.3358807155064174;-0.005953040660223217;0.10487529952040128;0.06476259749945013;-0.027088646965976144
89.0489217;0.05354599999999721;0.33858465646305935;0.3232851886749267;-0.005953040660223217;0.10487529952040128;0.06476259749945013;-0.027088646965976144
89.1857438;0.04851879999999653;0.33858465646305935;0.3154001840730993;-0.005953040660223217;0.10487529952040128;0.06476259749945013;-0.027088646965976144
89.3255434;0.052509900000003995;0.33858465646305935;0.3042684128705193;-0.005953040660223217;0.10487529952040128;0.06476259749945013;-0.027088646965976144
89.4537324;0.0519108000000017;0.33858465646305935;0.3007304080696993;-0.005953040660223217;0.10487529952040128;0.06476259749945013;-0.027088646965976144
89.579583;0.05329349999999522;0.33507841853093995;0.29727373671257634;nan;nan;0.06476259749945013;-0.027088646965976144
89.7156251;0.057595199999994406;0.3262746353430376;0.2938956260681152;nan;nan;0.05626575160920037;-0.03545288022806841
89.857637;0.06733890000000997;0.3362567689229062;0.2955750296456473;nan;nan;0.03754785223912462;-0.0699213077715036
89.9965413;0.0646840999999938;0.3351463329487942;0.3007304080696993;-0.21786686899329383;-0.1355862066434734;0.09200885855079759;-0.07359267702939017
90.1341231;0.06455780000000289;0.3286853553579824;0.306068817680404;-0.14755035912088127;-0.08400797407404884;0.11318979000630754;-0.07472555507355425
90.2991354;0.08076989999999284;0.3286853553579824;-1;-0.14755035912088127;-0.08400797407404884;0.11698467381705904;-0.09349825358853141
90.4475634;0.06624250000000131;0.3429678799257682;-1;-0.0831812819334099;-0.0445458765240172;0.1251835442438928;-0.0879898238002294
90.6018027;0.06340409999999963;0.35409218274624543;-1;-0.07097454900979734;-0.031159501855883755;0.08425708704388207;-0.020231523458338597
90.7522332;0.06401650000000814;0.35409218274624543;0.3337137431483115;-0.07097454900979734;-0.031159501855883755;0.057050689236017596;-0.011537106149036566
90.8932965;0.06489829999999586;0.34522345960216805;0.3337137431483115;-0.10373757326982139;-0.017241314909285647;0.05372727107555205;-0.009680305717371001
91.0390775;0.06371560000000898;0.3410724461138059;0.3358807155064174;-0.10313068289457478;-0.008017710332146445;0.02736422397418949;-0.009891033016803722
91.1852202;0.06646440000000098;0.34398375999844;0.3337137431483115;0.04134354157647909;0.07897778830357034;0.03309211935501562;-0.005104286321669796
91.3238392;0.06368589999999585;0.3320055432181716;0.3253184288552722;0.03399848145377457;0.06321532818011916;0.05414475871016923;0.01388761309623487
91.4580004;0.05881949999999847;0.32605579624811987;0.31733515452753547;0.028403530851972034;0.04720870501271735;-0.019218828916054538;-0.015490300960341563
91.5936255;0.06300929999999028;0.31230569795955176;0.30248906542683207;0.001046112032562022;0.02764466519882253;-0.04478814988176367;-0.03284154626258157
91.7417183;0.06661719999999605;0.30671572376895073;0.29899208201149297;-0.017560981468871053;0.011488352757650559;-0.024797642453648464;-0.013765429773725524
91.8850716;0.06782839999999624;0.3005415822815149;0.2938956260681152;-0.04542808542492045;-0.004708401243659421;-0.03929460374253791;-0.02140114288210788
92.0510665;0.07618239999999332;0.29591199148224256;0.29059342802240606;-0.050123673429799474;-0.012059768086496525;-0.03525374780289121;-0.026078411816803964
92.2077709;0.07699789999999496;0.2954462599848301;0.29059342802240606;-0.01586788726333542;-0.02150331689187615;-0.01865753731897014;-0.02790918856230864
92.3465747;0.07128310000000226;0.29545537456246546;0.2842067592746609;-0.008456253446310378;-0.03934242662008592;-0.056436787863073476;-0.025226207196639032
92.5011573;0.0672372000000081;0.29502095520602745;0.2873646121554904;-0.0026746440423696285;-0.041981237067795475;-0.030041392900112308;-0.024826468513628713
92.6556079;0.0693165999999934;0.300104354082883;0.28897000105021386;-0.0011140775244252536;-0.03477724336507289;-0.024063455922299727;-0.02816972191581707
92.794569;0.06613620000000253;0.3005932684715569;0.28897000105021386;0.0013710731096378736;-0.02713840962824482;-0.01956298339698755;-0.025132411898285995
92.9428809;0.07260840000000712;0.2985924246143106;0.2857769623645761;0.00641866649454025;-0.02175079883026402;0.004975540995197233;-0.018646596248795996
93.0890769;0.07181500000000085;0.29801094172995596;0.2842067592746609;0.012392744695612856;-0.019774609504726526;0.021408732157077455;-0.0093417703345538
93.2380708;0.07339729999999633;0.2932185323733536;0.2826537168742529;0.010129369511807484;-0.02124431987493057;0.020996621171133562;-0.008643235738902478
93.3948461;0.07242680000000234;0.29239701426611686;0.27959800101615284;0.012186849510219776;-0.020419386477411476;0.022110611148122874;-0.010915124923852928
93.5682773;0.09325840000001051;0.2860275701806453;0.2751363307871717;0.013917889954241088;-0.01896936660508283;0.023720477306483394;-0.010733399289170031
93.7222103;0.07147759999999437;0.2845919408426056;0.2694043238957723;0.018098401377500076;-0.008762243282697856;0.02476997784242256;-0.011643683225346094
93.8807634;0.07978710000000433;0.2811141279672469;0.2680084465698875;0.022100201047744687;-0.007760469658781952;0.027069802741128003;-0.0009265041019644819
94.04935;0.07587959999999327;0.2820805577156861;0.2680084465698875;0.01553849015294112;-0.004475695700623467;0.027338327108846504;-0.0017499064217946475
94.1925054;0.07289230000000657;0.2798404064145999;0.2680084465698875;0.01549955263473626;0.0034758085299466854;0.024544794881065313;0.0016071541425189749
94.3499573;0.07060629999999435;0.2775806990452724;0.2625666507004481;0.009535144930457084;0.007895308262488495;0.027374240982413443;0.0009415634592299139
94.4911368;0.06769260000000088;0.2791009013862234;0.26390627646932796;0.014364924758137085;0.009024216712087543;0.016803188977971874;0.0029742437733228607
94.619648;0.061041700000004084;0.2800797957936134;-1;0.03227435289642759;0.011234899733705802;0.030590609745235225;0.003733938864458927
94.7370292;0.05399160000000336;0.27985254086916406;0.26390627646932796;0.041468863582890474;0.014493474488984847;0.04021878939256997;0.0064112554619447735
94.8538876;0.053594799999999054;0.27936996633045297;0.2652596419896835;0.05049255119012051;0.016245352498303264;0.0460388171865793;0.00945490551314863
94.9777901;0.057939799999999764;0.27933061412811727;0.2652596419896835;0.06869617418117371;0.019043873728507216;0.0651562096149737;0.012111011415821344
95.0873246;0.04907109999999193;0.2793546880808743;-1;0.07489975569098928;0.0183094598311953;0.07181978008588427;0.014067151773132955
95.1999845;0.04990560000000244;0.2741160109206007;-1;0.0866504644242485;0.01844394198669864;0.08007626086348682;0.01310098274638143
95.3079191;0.048047600000003854;0.27661187738731746;0.2694043238957723;0.092731934812592;0.010047978641736207;0.09302281245465639;0.009062966927858565
95.4309869;0.04905490000000157;0.2797196992263633;0.2708148177381585;0.09575825959037501;0.008265739566263301;0.09745465726681038;0.002884327646842705
95.5391935;0.048751400000000444;0.2752979861860946;-1;0.10044233388558853;0.007878611018399406;0.099455247562758;0.0028515301528277484
95.6522482;0.04555779999999743;0.28078942470171075;0.2780947859569262;0.0986568577299049;0.008535830672449153;0.10770311611990593;0.006051110542031589
95.7707062;0.04617229999999495;0.27904325100349775;0.27959800101615284;0.10419006495831623;0.004645430937842421;0.1017537263933316;0.00122010876551072
95.8816831;0.05014559999999335;0.2790684068444224;0.27959800101615284;0.1000198011754796;0.0017706709850992823;0.09939491699080073;0.0006043188319980728
96.0192107;0.06998189999998772;0.2806779419897556;0.2780947859569262;0.07998228559710382;0.0012358625962189673;0.0936545547318338;0.0025382083041502997
96.1453204;0.051460599999998635;0.2806048672108834;0.2780947859569262;0.07023907753523984;-0.0014054753105751244;0.07473786336879204;-0.0020112465115948064
96.2472306;0.04616330000000346;0.27783585791944165;0.2780947859569262;0.06208423030119195;-0.0017372089644030985;0.0755287055817508;-0.002536766697344266
96.3544768;0.04367369999999937;0.2729656810046483;0.2780947859569262;0.07693953665703944;-0.0035369336479885377;0.08009829294625687;-0.00912788052029174
96.4647338;0.04262779999999111;0.2784737521017356;0.27959800101615284;0.0836373507588482;-0.0045546955269806805;0.08249173358225265;-0.011029142323927668
96.5628041;0.043377999999989925;0.2752890146678462;0.2826537168742529;0.08030461449722051;-0.0017176026888788836;0.08319796674831578;-0.009635409102923648
96.6663842;0.046012300000001005;0.2779824296863164;0.2857769623645761;0.0775702008743787;-0.0006647784631775925;0.08656547680858954;-0.006914635717689273
96.7732059;0.04535389999999495;0.27984881949880536;0.28897000105021386;0.0764383382195649;-0.0006541142365498187;0.1329872774680398;-0.023746246750687715
96.8832454;0.04988500000000329;0.2830589807826471;0.28897000105021386;0.08651846140646419;-0.007795081878084769;0.11553775837495066;-0.02352030148859021
96.998126;0.04360110000000361;0.2830589807826471;0.28897000105021386;0.08651846140646419;-0.007795081878084769;0.12055817572042722;-0.029650297369151774
97.1118313;0.04591070000000741;0.2830589807826471;0.2873646121554904;0.08651846140646419;-0.007795081878084769;0.11421125393611804;-0.034313272312111766
97.2293709;0.049598199999991266;0.2830589807826471;0.2826537168742529;0.08651846140646419;-0.007795081878084769;0.12503275882937376;-0.035484213020621505
97.3269901;0.04160219999999981;0.2830589807826471;0.2811175553695015;0.08651846140646419;-0.007795081878084769;0.12412072677491978;-0.03387116382920925
97.4248385;0.040255799999997066;0.2830589807826471;0.27959800101615284;0.08651846140646419;-0.007795081878084769;0.07235791980551201;-0.022855791657519366
97.5381525;0.041220600000002605;0.2830589807826471;0.2766076480641084;0.08651846140646419;-0.007795081878084769;0.039983964172444056;-0.044586566161320736
97.6333394;0.03631890000001192;0.2830589807826471;0.2751363307871717;0.08651846140646419;-0.007795081878084769;0.028586802797914628;-0.04634960814977856
97.7280582;0.03870829999999614;0.2769183045995058;0.2766076480641084;0.08919971984395664;-0.026446612935965695;0.006439148298186441;-0.0484807908166715
97.8215632;0.03781250000000114;0.277432260752159;0.2766076480641084;0.07825132471837103;-0.02234777356823999;-0.06119295160376176;-0.03150540426964601
97.9520637;0.039926600000001145;0.2719945980084905;0.2751363307871717;0.06271060459983695;-0.022551098783465826;-0.03205855200559672;-0.03618273759371732
98.0532225;0.040730999999993855;0.27628143803565963;0.2708148177381585;0.027139579325260843;-0.021860696940280644;-0.10954177453051242;-0.01958429153611678
98.1590555;0.04476200000000574;0.279919308860905;0.2708148177381585;0.000447616470012388;-0.01798360684429645;-0.11078423651659308;-0.01739984606437685
98.2559409;0.04442740000000356;0.2813204484535229;0.2708148177381585;-0.020815296576294932;-0.02053833018243463;-0.1335003824965783;-0.013688620513035632
98.3619724;0.03971760000000302;0.2833724901855032;0.2708148177381585;-0.04354733392817559;-0.020067737429971214;-0.15166366538643572;-0.010008245174739928
98.4569574;0.04094590000001119;0.2841954113884011;0.2722401588841488;-0.07018206580419181;-0.016300455191510094;-0.13286743451385613;-0.014004506566575387
98.553883;0.04352429999998719;0.28753259423302385;0.273680583005229;-0.09913199418902002;-0.00781517043780507;-0.13137391718793534;0.013632843756750427
98.6533178;0.04212039999998751;0.284294285919743;0.2751363307871717;-0.11656639753299952;0.00940019621251832;-0.14453439935672135;0.014065310056622768
98.751962;0.042152700000002596;0.2890305316263701;0.2751363307871717;-0.1224525603109682;0.005046395509766422;-0.15086064882891706;0.017543121061428916
98.8524735;0.04126449999999693;0.2843104741250954;-1;-0.12687172131061514;0.00384445945983356;-0.15585936387198557;0.011562077384005557
98.9535621;0.04101139999998793;0.28536519866740206;-1;-0.1311070831455565;0.005544202106621844;-0.19493792676087907;0.01506094005134126
99.0535057;0.043270899999996004;0.28695845006753207;0.2751363307871717;-0.13558099579637176;0.007351029434246227;-0.13658754879044327;0.0061607933662610435
99.1534416;0.04289719999999875;0.2894592767628603;0.2780947859569262;-0.1342183807357426;0.009601813726578281;-0.1370015842280963;0.00653064566036788
99.2534745;0.041994499999987056;0.2861515408582346;-1;-0.13535624485979283;0.007349813127313226;-0.1385014655337035;0.004029373002402493
99.3587348;0.04464670000000126;0.2894165939629195;-1;-0.13540906146221343;0.005375068870229096;-0.14102345402646713;-0.002041564821188888
99.4510399;0.04285089999999059;0.2912799530866052;-1;-0.13311668269717158;0.005202754684829056;-0.13993739037514386;-0.006022946487108184
99.5528836;0.04490909999999815;0.29009809252848834;0.2826537168742529;-0.13150867165986793;0.005742203097964874;-0.13765974094632266;-0.0083863816740421
99.649153;0.04240759999999;0.29149797784111786;0.2857769623645761;-0.1258137341951876;0.011246530740158158;-0.12595960656480235;-0.00243182691767336
99.755508;0.04624780000000328;0.2929028020388445;0.28897000105021386;-0.12252354871661726;0.014923033496673859;-0.12265458789647843;-0.0028866677886411796
99.8654622;0.044035699999994904;0.29426198152847355;0.28897000105021386;-0.1139631112103128;0.020192280149901088;-0.11022455365515418;0.003618714338284287
99.9749628;0.048216899999999896;0.29716923747778656;0.29059342802240606;-0.10450677824240279;0.02184748455725549;-0.11012867764649459;0.007718373327556101
100.079303;0.04573890000000347;0.29920204699948544;0.2922351988021937;-0.10425352515528713;0.01799308542604345;-0.10896508503987412;0.004801872499820159
100.1828236;0.04812429999999779;0.2977686613654392;0.2922351988021937;-0.09838617446827452;0.015914682349430102;-0.10565726585001955;0.0030227347439615625
100.2956741;0.047934599999990724;0.30334167427990644;0.2955750296456473;-0.09516545776292978;0.014055515159157289;-0.10094988532595953;0.0041937481438529805
100.4119321;0.04671339999998736;0.30103716804613645;0.2955750296456473;-0.09063405584430656;0.01091443474655534;-0.09049285505922826;0.0037493820121031057
100.5328862;0.05532399999999882;0.3028973573944687;0.29727373671257634;-0.08153302122809317;0.010658333359371835;-0.07949123596677062;0.005960150893104019
100.6355116;0.045936900000000946;0.3088770545383472;0.29727373671257634;-0.07678435633665774;0.0046117795226390855;-0.068643548972879;0.004316633632433351
100.7316489;0.04574970000000178;0.3091346690211412;0.29899208201149297;-0.07206800863745194;0.0017454824591775552;-0.07883144608458545;-0.00046993979269752356
100.8287553;0.04292900000000088;0.3126071445710134;0.3042684128705193;-0.07161600464721869;0.0014332167172671105;-0.07217747453796021;-0.0028795387703120234
100.932898;0.043245799999994006;0.3176000998696823;0.3042684128705193;-0.06824688143704717;-0.0033649527976460426;-0.06796606483967912;-0.006293443884837609
101.029439;0.03867590000000121;0.32225007886401424;0.3097343125029238;-0.05894964361084481;0.0048929304230150746;-0.05302614952977493;0.0016458220985662963
101.1281313;0.04348410000000058;0.32891129256616763;0.31348866780598955;-0.05130008656971908;0.010548198025675531;-0.024343979615039087;0.005979186911769961
101.2368675;0.044478200000000356;0.33419855815310745;0.31348866780598955;-0.03718491112689206;0.010551318257276912;-0.02629301114169247;0.0017975418716053258
101.3295454;0.03977649999998789;0.34778072351622275;0.3154001840730993;-0.025560125851016132;0.018930506505904426;0.01862754698294073;0.003539821614440098
101.4258246;0.04062820000000045;0.3449509488574291;0.3192940135061005;-0.008297836252938624;0.02011833437349847;0.058407088804749784;0.006004697856612058
101.5198078;0.03962359999999876;0.35218479290093857;0.3232851886749267;0.009721948287289173;0.015211329985558388;0.057362902264999446;-0.0001074699461880907
101.618508;0.04147980000000473;0.3649789288231053;0.32737740625309036;0.029948435706057916;0.019283868678739387;-0.01309003727420871;-0.10559286438912377
101.7145364;0.0396150999999918;0.3584708001696423;0.3315745524871044;0.05747943908421987;0.019686677559627337;0.02214551620341562;-0.10730112904814555
101.8144646;0.04214849999999615;0.35773285734350047;0.3315745524871044;0.07338647413766497;0.01725114570833477;0.03729562550279895;-0.10999001861314348
101.9070262;0.045191299999999046;0.36206391264628457;0.338076014300577;0.09245676330882836;0.01003912060464203;0.04987194734139906;-0.11104051579955514
102.0067063;0.046408099999993624;0.35960753682581176;0.338076014300577;0.105777788666107;0.003797451227623429;0.06081643634605155;-0.12177266935128153
102.1110071;0.042485199999987344;0.3602331368798563;0.338076014300577;0.11418628935380434;0.0046239197024386305;0.05384998618363103;-0.1249878490408853
102.2124923;0.04446579999999756;0.35918375490917864;0.34030019860518607;0.11962436014391718;8.409775351717341e-05;0.07176122610131686;-0.11938927242562569
102.3225817;0.04381719999999234;0.3551479126900109;0.338076014300577;0.11689303391642517;-0.002809798894113014;0.04601176079308972;-0.12144167853808004
102.4269726;0.044204100000001745;0.350602736685957;-1;0.11566341446139192;0.0018996542153818052;0.01988030374174055;-0.12446912354711621
102.5245707;0.04248599999999669;0.35092620508193345;-1;0.11580460909721982;-0.004775961449044299;0.036768623221703295;-0.11921708830237121
102.6242945;0.04299469999999417;0.3470213244014309;-1;0.10607412354747206;-0.008488600316725825;0.12666596197510077;-0.012096229664753306
102.7241173;0.044997700000010354;0.34402918371426766;0.3337137431483115;0.10444410088086463;-0.0049853163667968655;0.10939726729563808;-0.011772221861275554
102.8269064;0.04113430000001017;0.3388707298046182;-1;0.09893318476274252;-0.007112672212716347;0.10828440792286549;-0.009951657516716627
102.9314032;0.044295099999999366;0.3363378206384833;-1;0.09810516152544414;-0.008199810161239295;0.10944705047044097;-0.009120849887167156
103.030633;0.04319680000000403;0.334540274717142;-1;0.09767978567904229;-0.01013382162984918;0.10311960203945594;-0.010376114371625356
103.1293875;0.04200790000000154;0.33352794261311014;0.3294626126623457;0.10209936941799674;-0.010532236507251005;0.11093625527285796;-0.009778528526340622
103.2290241;0.04289749999999515;0.32673869661816024;-1;0.10508532460660686;-0.01046671776072784;0.11023403632222635;-0.010847512173962936
103.335489;0.042726199999989944;0.3245791359345413;0.3232851886749267;0.1018346090638539;-0.008857410196130407;0.10111439414584984;-0.012354658169375199
103.4331473;0.043646999999992886;0.32145796012928035;0.3232851886749267;0.09795876970020478;-0.00719720497074471;0.10215492909835011;-0.010780570999193592
103.5422631;0.05040359999999566;0.3191514957724267;0.3232851886749267;0.09291397353632395;-0.010008266363144721;0.09743689428799682;-0.011689959165250719
103.6497608;0.047513100000003305;0.31614332071360723;0.3192940135061005;0.08645559804801381;-0.012330877799522398;0.08163085484458128;-0.013722386978819034
103.7573402;0.047255699999993794;0.3144541103731053;0.31733515452753547;0.07928148621339702;-0.010256054841893462;0.0786562089976833;-0.012468853744508339
103.8621295;0.046172800000007896;0.3144877653159161;0.31348866780598955;0.07375912496266934;-0.00024913659189562215;0.07606981117961895;-0.005424569631554472
103.9700161;0.040729299999995305;0.3160422676038824;0.3116001818553511;0.05526030173991154;0.014428024996975498;0.0619673582265325;0.0031908452042833887
104.0769845;0.03769189999999867;0.3138130287892557;0.31348866780598955;0.02935023849297855;0.024155854511486306;0.031025699311707178;0.023378915491468266
104.1759638;0.03871219999999198;0.31533116082003876;0.31348866780598955;0.010125551237030841;0.03589562660018261;0.0021190870158037307;0.029998824179896005
104.2854866;0.039963399999990656;0.3121371447080851;0.3154001840730993;-0.006174888892384002;0.047669371974894154;-0.07748153571347698;0.032031816436243664
104.3782624;0.0378024000000039;0.3037366386128634;0.3154001840730993;-0.03352880626869524;0.056865755359632376;-0.10226357937999815;0.04221361069351649
104.4718273;0.03970049999999503;0.30166628587113054;0.3192940135061005;-0.06740638334335926;0.06751312039848428;-0.16306591340716953;0.04990202722946708
104.5710951;0.04056870000000856;0.3000172967076114;0.3232851886749267;-0.09533156127741821;0.07781060257301492;-0.19630754153602323;0.06051378381798926
104.6813138;0.03970209999999952;0.30231101064527177;0.3232851886749267;-0.12114218318478409;0.0806602352065779;-0.21916497728788603;0.067997155268012
104.7754098;0.038187399999998206;0.30231101064527177;0.3253184288552722;-0.12114218318478409;0.0806602352065779;-0.24208449267992366;0.07613504542327812
104.8843845;0.04123339999999587;0.30231101064527177;0.32737740625309036;-0.12114218318478409;0.0806602352065779;-0.27003957723067396;0.0732004119081014
104.9760142;0.036283999999994876;0.30231101064527177;0.32737740625309036;-0.12114218318478409;0.0806602352065779;-0.29530460349417387;0.06631417489823152
105.0713091;0.038951599999990094;0.30231101064527177;0.3294626126623457;-0.12114218318478409;0.0806602352065779;-0.27912494015251826;0.04717869680559434
105.171054;0.03729560000000731;0.30231101064527177;0.3337137431483115;-0.12114218318478409;0.0806602352065779;-0.2964954157180474;0.04201044264255159
105.2741077;0.038491300000004;0.30231101064527177;0.3337137431483115;-0.12114218318478409;0.0806602352065779;-0.2466223044188159;0.03956571833504416
105.3747945;0.03507040000000927;0.30231101064527177;0.3337137431483115;-0.12114218318478409;0.0806602352065779;-0.2405755572604865;0.029965429248286168
105.4830531;0.03548539999999889;0.30231101064527177;0.338076014300577;-0.12114218318478409;0.0806602352065779;-0.2345128593971376;0.03244560408261591
105.5828275;0.03517570000001058;0.30231101064527177;0.34255384230455815;-0.12114218318478409;0.0806602352065779;-0.22230049875405383;0.03338349076251507
105.6887069;0.03759360000000811;0.30231101064527177;0.34255384230455815;-0.12114218318478409;0.0806602352065779;-0.21153098483399657;0.02546486584315878
105.7955633;0.037919200000004594;0.30231101064527177;0.34483753458658856;-0.12114218318478409;0.0806602352065779;-0.21647604987541502;0.023585663932603296
105.9070148;0.042820000000006075;0.30231101064527177;0.3471518804562972;-0.12114218318478409;0.0806602352065779;-0.20705447218132686;0.016422425565287977
106.0040229;0.038584599999992975;0.30231101064527177;0.3518750352924373;-0.12114218318478409;0.0806602352065779;-0.19849004135356704;0.025726556834409976
106.1000893;0.04201069999999163;0.30231101064527177;0.3518750352924373;-0.12114218318478409;0.0806602352065779;-0.19863674817484273;0.029116566055520605
106.1983771;0.04056180000000609;0.30231101064527177;0.35428513827389235;-0.12114218318478409;0.0806602352065779;-0.1763160841618707;0.027431683465123674
106.2941091;0.037294299999999225;0.30231101064527177;0.35428513827389235;-0.12114218318478409;0.0806602352065779;-0.16839659602132423;0.027268965930303347
106.4202147;0.05622809999999845;0.30231101064527177;0.35920576519436304;-0.12114218318478409;0.0806602352065779;-0.1503377351950738;0.03080670184581209
106.5229996;0.043038999999993166;0.30231101064527177;0.35920576519436304;-0.12114218318478409;0.0806602352065779;-0.10656573490736503;0.02162358177920429
106.6324456;0.04047649999999692;0.30231101064527177;0.35920576519436304;-0.12114218318478409;0.0806602352065779;-0.10156554459576975;0.015611930690967144
106.7344605;0.038995400000004565;0.30231101064527177;0.35920576519436304;-0.12114218318478409;0.0806602352065779;-0.10390158738626942;0.0142364201353542
106.8367649;0.0473417999999981;0.30231101064527177;0.35920576519436304;-0.12114218318478409;0.0806602352065779;-0.0894745851787991;0.006727039366594143
106.9564239;0.046749399999995944;0.30231101064527177;0.35920576519436304;-0.12114218318478409;0.0806602352065779;-0.08170698793333873;0.010559226348664985
107.0638956;0.043208199999995145;0.30231101064527177;0.35920576519436304;-0.12114218318478409;0.0806602352065779;-0.07187790280802545;-0.0022468011660948654
107.1751001;0.03905650000000094;0.30231101064527177;0.35920576519436304;-0.12114218318478409;0.0806602352065779;-0.06446726152495648;-0.0029053941208481717
107.2787757;0.04520320000000311;0.30231101064527177;0.3567284840550916;-0.12114218318478409;0.0806602352065779;-0.08729697078966145;-0.011530910404616665
107.3818082;0.038747900000004165;0.30231101064527177;0.35920576519436304;-0.12114218318478409;0.0806602352065779;-0.0955938551189714;-0.018281762880154866
107.4781373;0.0362640999999968;0.30231101064527177;0.36171769362229567;-0.12114218318478409;0.0806602352065779;-0.0918492970694826;-0.014958904943330844
107.5727218;0.039920699999996145;0.30231101064527177;0.37212683588480777;-0.12114218318478409;0.0806602352065779;-0.07221916715177361;0.15187844619829322
107.665259;0.035726299999993216;0.30231101064527177;0.38033551608814914;-0.12114218318478409;0.0806602352065779;-0.3011440248415665;0.32477432313879745
107.7648442;0.037118000000006646;0.30231101064527177;0.3948521388396052;-0.12114218318478409;0.0806602352065779;-0.29228128474895115;0.332759318745177
107.8847694;0.042198400000003744;0.30231101064527177;-0.13095096250123614;-0.12114218318478409;0.0806602352065779;-0.29591517313027416;0.3310797218366471
107.9980538;0.037268900000000826;0.30231101064527177;0.41714217893538935;-0.12114218318478409;0.0806602352065779;-0.3108391153465973;0.3318145895663847
108.111094;0.04068139999999687;0.30231101064527177;0.4274845470081676;-0.12114218318478409;0.0806602352065779;-0.303088850144018;0.32751157916624163
108.2304794;0.04203610000000424;0.30231101064527177;-0.36426500132386114;-0.12114218318478409;0.0806602352065779;-0.36121315164158013;0.33828746977561824
108.3394227;0.04935820000000035;0.30231101064527177;0.4618359838213239;-0.12114218318478409;0.0806602352065779;-0.3584274494887898;0.34124351963718447
108.4525657;0.04215530000000456;0.30231101064527177;-0.8620938364664713;-0.12114218318478409;0.0806602352065779;-0.35643061486039895;0.34821251915944695
108.5653036;0.04915619999999876;0.30231101064527177;-0.9236719676426478;-0.12114218318478409;0.0806602352065779;-0.3509747521532268;0.228917274327408
108.687388;0.04603190000000268;0.30231101064527177;-0.9074671962804961;-0.12114218318478409;0.0806602352065779;-0.36177468932486784;0.061800103943899246
108.8086361;0.04882239999999172;0.30231101064527177;0.8479611506227587;-0.12114218318478409;0.0806602352065779;-0.17171429501816757;-0.12863317924648773
108.9342413;0.04658620000000724;0.30231101064527177;0.8342843578707787;-0.12114218318478409;0.0806602352065779;-0.17864258233915592;-0.10783337316133275
109.0491721;0.04651979999999867;0.30231101064527177;0.9074671962804961;-0.12114218318478409;0.0806602352065779;-0.3736407240244227;-0.0882638147689219
109.1811092;0.049079399999996554;0.30231101064527177;0.891821210137729;-0.12114218318478409;0.0806602352065779;-0.21024826784241238;-0.07006578230840806
109.3126162;0.05314690000000155;0.30231101064527177;0.8210417490156869;-0.12114218318478409;0.0806602352065779;-0.22134859006646407;-0.0788389595392325
109.4307389;0.04959069999999599;0.30231101064527177;0.8479611506227587;-0.12114218318478409;0.0806602352065779;-0.1505861453609427;-0.10197063454655231
109.5550669;0.047960900000006745;0.30231101064527177;-8.620938364664713;-0.12114218318478409;0.0806602352065779;0.0986488312711199;0.04564817085781876
109.6761654;0.04564400000001001;0.30231101064527177;25.86281509399414;-0.12114218318478409;0.0806602352065779;0.11617655098801474;0.047936293971397995
109.8057321;0.05243130000000917;0.30231101064527177;-25.86281509399414;-0.12114218318478409;0.0806602352065779;0.07768613396452442;0.13002721354804686
109.9424719;0.056671300000004976;0.30231101064527177;3.4483753458658852;-0.12114218318478409;0.0806602352065779;0.16627131028484846;0.17333243318450337
110.0754101;0.04956579999999633;0.30231101064527177;-17.241876729329427;-0.12114218318478409;0.0806602352065779;0.22141546733616319;0.18438515505026562
110.1905082;0.05516760000000431;0.30231101064527177;0.7285300026477223;-0.12114218318478409;0.0806602352065779;0.2463413332025695;0.12995788913207335
110.3177023;0.054635900000008064;0.30231101064527177;-0.7184115303887261;-0.12114218318478409;0.0806602352065779;0.4662463101599645;0.08199393763139096
110.454725;0.06446370000000456;0.30231101064527177;-0.6896750691731771;-0.12114218318478409;0.0806602352065779;0.46165589805953966;0.0776856310819068
110.5759379;0.05095110000000602;0.30231101064527177;-0.6896750691731771;-0.12114218318478409;0.0806602352065779;0.49892252953928085;0.08261548573362529
110.7030214;0.05271140000000685;0.30231101064527177;-0.7496468143186708;-0.12114218318478409;0.0806602352065779;0.4764519804226377;0.03554346452730507
110.8229136;0.05222840000000417;0.30231101064527177;0.36684844104956227;-0.12114218318478409;0.0806602352065779;0.2244054473728807;-0.1337338691074332
110.9519594;0.050478200000000584;0.30231101064527177;0.3567284840550916;-0.12114218318478409;0.0806602352065779;0.23235991898438138;-0.07493776075795985
111.0639357;0.04823249999999746;0.30231101064527177;0.34255384230455815;-0.12114218318478409;0.0806602352065779;0.23048285966324072;-0.06969977905469771
111.1891671;0.047638500000005024;0.30231101064527177;0.34255384230455815;-0.12114218318478409;0.0806602352065779;0.23048285966324072;-0.06969977905469771
111.3089173;0.046828299999987166;0.30231101064527177;0.338076014300577;-0.12114218318478409;0.0806602352065779;0.23048285966324072;-0.06969977905469771
111.4293116;0.048654799999994225;0.30231101064527177;0.338076014300577;-0.12114218318478409;0.0806602352065779;0.23048285966324072;-0.06969977905469771
111.5497581;0.046038300000006416;0.30231101064527177;0.338076014300577;-0.12114218318478409;0.0806602352065779;0.23048285966324072;-0.06969977905469771
111.6690197;0.04809190000000285;0.30231101064527177;0.34030019860518607;-0.12114218318478409;0.0806602352065779;0.23048285966324072;-0.06969977905469771
111.800562;0.048643799999993576;0.30231101064527177;0.34483753458658856;-0.12114218318478409;0.0806602352065779;0.23048285966324072;-0.06969977905469771
111.9375438;0.047631500000008486;0.30231101064527177;0.3471518804562972;-0.12114218318478409;0.0806602352065779;0.23048285966324072;-0.06969977905469771
112.0541957;0.04541209999999296;0.30231101064527177;0.3471518804562972;-0.12114218318478409;0.0806602352065779;0.23048285966324072;-0.06969977905469771
112.1700341;0.04583340000000646;0.30231101064527177;0.34030019860518607;-0.12114218318478409;0.0806602352065779;0.23048285966324072;-0.06969977905469771
112.2883344;0.04621050000000082;0.30231101064527177;0.3337137431483115;-0.12114218318478409;0.0806602352065779;0.23048285966324072;-0.06969977905469771
112.474039;0.04102499999999054;0.30231101064527177;0.32737740625309036;-0.12114218318478409;0.0806602352065779;0.23048285966324072;-0.06969977905469771
112.586735;0.04502469999999903;0.30231101064527177;0.31733515452753547;-0.12114218318478409;0.0806602352065779;0.23048285966324072;-0.06969977905469771
112.6999487;0.04411530000000141;0.30231101064527177;0.3078906558808826;-0.12114218318478409;0.0806602352065779;0.23048285966324072;-0.06969977905469771
112.8270343;0.04775959999999202;0.30231101064527177;0.29727373671257634;-0.12114218318478409;0.0806602352065779;0.23048285966324072;-0.06969977905469771
112.9561737;0.04619460000000686;0.30231101064527177;0.29059342802240606;-0.12114218318478409;0.0806602352065779;0.23048285966324072;-0.06969977905469771
113.0729066;0.04493629999998916;0.30231101064527177;0.2873646121554904;-0.12114218318478409;0.0806602352065779;0.23048285966324072;-0.06969977905469771
113.2068977;0.04536910000000205;0.30231101064527177;0.2842067592746609;-0.12114218318478409;0.0806602352065779;0.23048285966324072;-0.06969977905469771
113.3251664;0.046570200000005;0.30231101064527177;0.2780947859569262;-0.12114218318478409;0.0806602352065779;0.23048285966324072;-0.06969977905469771
113.4516294;0.04719630000001018;0.30231101064527177;0.273680583005229;-0.12114218318478409;0.0806602352065779;0.23048285966324072;-0.06969977905469771
113.5929115;0.048596599999996215;0.30231101064527177;0.2708148177381585;-0.12114218318478409;0.0806602352065779;0.23048285966324072;-0.06969977905469771
113.7233409;0.05407019999999818;0.30231101064527177;0.2680084465698875;-0.12114218318478409;0.0806602352065779;0.23048285966324072;-0.06969977905469771
113.8681333;0.05840720000000488;0.30231101064527177;0.26662695973189837;-0.12114218318478409;0.0806602352065779;0.23048285966324072;-0.06969977905469771
114.0054592;0.04941809999999691;0.30231101064527177;0.2680084465698875;-0.12114218318478409;0.0806602352065779;0.23048285966324072;-0.06969977905469771
114.1197844;0.04808560000000739;0.30231101064527177;0.2708148177381585;-0.12114218318478409;0.0806602352065779;0.23048285966324072;-0.06969977905469771
114.2521087;0.045556300000001215;0.30231101064527177;0.2694043238957723;-0.12114218318478409;0.0806602352065779;0.23048285966324072;-0.06969977905469771
114.3772203;0.04528359999999054;0.30231101064527177;0.2694043238957723;-0.12114218318478409;0.0806602352065779;0.23048285966324072;-0.06969977905469771
114.5007975;0.04639829999999279;0.30231101064527177;0.26662695973189837;-0.12114218318478409;0.0806602352065779;0.23048285966324072;-0.06969977905469771
114.6208386;0.04650259999999662;0.30231101064527177;0.2560674761781598;-0.12114218318478409;0.0806602352065779;0.23048285966324072;-0.06969977905469771
114.7443718;0.04577249999999822;0.30231101064527177;0.24868091436532827;-0.12114218318478409;0.0806602352065779;0.23048285966324072;-0.06969977905469771
114.8656501;0.046516099999990956;0.30231101064527177;0.24170855228031907;-0.12114218318478409;0.0806602352065779;0.23048285966324072;-0.06969977905469771
114.9885873;0.04660069999999905;0.30231101064527177;0.2372735329724233;-0.12114218318478409;0.0806602352065779;0.23048285966324072;-0.06969977905469771
115.1127445;0.047826999999998066;0.30231101064527177;0.23511650085449218;-0.12114218318478409;0.0806602352065779;0.23048285966324072;-0.06969977905469771
115.2313459;0.04690700000000447;0.30231101064527177;0.2329983341801274;-0.12114218318478409;0.0806602352065779;0.23048285966324072;-0.06969977905469771
115.3509362;0.04384310000000369;0.30231101064527177;0.2319534986008443;-0.12114218318478409;0.0806602352065779;0.23048285966324072;-0.06969977905469771
115.4683662;0.04813059999999325;0.30231101064527177;0.2329983341801274;-0.12114218318478409;0.0806602352065779;0.23048285966324072;-0.06969977905469771
115.578681;0.044754799999992656;0.30231101064527177;0.23511650085449218;-0.12114218318478409;0.0806602352065779;0.23048285966324072;-0.06969977905469771
115.6988143;0.04716319999999996;0.30231101064527177;0.23619009218259487;-0.12114218318478409;0.0806602352065779;0.23048285966324072;-0.06969977905469771
115.8269733;0.04654989999998804;0.30231101064527177;0.23619009218259487;-0.12114218318478409;0.0806602352065779;0.23048285966324072;-0.06969977905469771
115.9529617;0.048442399999999;0.30231101064527177;0.2372735329724233;-0.12114218318478409;0.0806602352065779;0.23048285966324072;-0.06969977905469771
116.0705887;0.046554200000002766;0.30231101064527177;0.23836695939165106;-0.12114218318478409;0.0806602352065779;0.23048285966324072;-0.06969977905469771
116.1844683;0.04444669999999462;0.30231101064527177;0.24058432645575945;-0.12114218318478409;0.0806602352065779;0.23048285966324072;-0.06969977905469771
116.3024309;0.0461104999999975;0.30231101064527177;0.24170855228031907;-0.12114218318478409;0.0806602352065779;0.23048285966324072;-0.06969977905469771
116.4262447;0.04757960000000594;0.30231101064527177;0.24398882164145416;-0.12114218318478409;0.0806602352065779;0.23048285966324072;-0.06969977905469771
116.557607;0.04593249999999216;0.30231101064527177;0.24514516676771697;-0.12114218318478409;0.0806602352065779;0.23048285966324072;-0.06969977905469771
116.6752753;0.04840490000000841;0.30231101064527177;0.24284333421590742;-0.12114218318478409;0.0806602352065779;0.23048285966324072;-0.06969977905469771
116.795412;0.04650660000000073;0.30231101064527177;0.24170855228031907;-0.12114218318478409;0.0806602352065779;0.23048285966324072;-0.06969977905469771
116.9314565;0.05945990000000734;0.30231101064527177;0.2372735329724233;-0.12114218318478409;0.0806602352065779;0.23048285966324072;-0.06969977905469771
117.0543866;0.05165510000000495;0.30231101064527177;0.2372735329724233;-0.12114218318478409;0.0806602352065779;0.23048285966324072;-0.06969977905469771
117.1829451;0.05024949999999251;0.30231101064527177;0.23619009218259487;-0.12114218318478409;0.0806602352065779;0.23048285966324072;-0.06969977905469771
117.3167036;0.0533639000000079;0.30231101064527177;0.23405262528501483;-0.12114218318478409;0.0806602352065779;0.23048285966324072;-0.06969977905469771
117.4419142;0.049561100000005354;0.30231101064527177;0.23405262528501483;-0.12114218318478409;0.0806602352065779;0.23048285966324072;-0.06969977905469771
117.568721;0.048951400000007084;0.30231101064527177;0.23511650085449218;-0.12114218318478409;0.0806602352065779;0.23048285966324072;-0.06969977905469771
117.6942084;0.049043800000006854;0.30231101064527177;0.23511650085449218;-0.12114218318478409;0.0806602352065779;0.23048285966324072;-0.06969977905469771
117.8282102;0.05058119999999633;0.30231101064527177;0.23405262528501483;-0.12114218318478409;0.0806602352065779;0.23048285966324072;-0.06969977905469771
117.9473275;0.04663589999999829;0.30231101064527177;0.2329983341801274;-0.12114218318478409;0.0806602352065779;0.23048285966324072;-0.06969977905469771
118.0711168;0.04917909999998926;0.30231101064527177;0.2319534986008443;-0.12114218318478409;0.0806602352065779;0.23048285966324072;-0.06969977905469771
118.198297;0.04649530000000368;0.30231101064527177;0.23405262528501483;-0.12114218318478409;0.0806602352065779;0.23048285966324072;-0.06969977905469771
118.3530338;0.06805199999999445;0.30231101064527177;0.23091799191066195;-0.12114218318478409;0.0806602352065779;0.23048285966324072;-0.06969977905469771
118.4841027;0.05087919999999713;0.30231101064527177;0.2319534986008443;-0.12114218318478409;0.0806602352065779;0.23048285966324072;-0.06969977905469771
118.6126083;0.049479500000003895;0.30231101064527177;0.2329983341801274;-0.12114218318478409;0.0806602352065779;0.23048285966324072;-0.06969977905469771
118.7499153;0.051097799999993754;0.30231101064527177;0.2319534986008443;-0.12114218318478409;0.0806602352065779;0.23048285966324072;-0.06969977905469771
118.8823885;0.04915130000000545;0.30231101064527177;0.23091799191066195;-0.12114218318478409;0.0806602352065779;0.23048285966324072;-0.06969977905469771
119.0134883;0.04920199999999397;0.30231101064527177;0.23091799191066195;-0.12114218318478409;0.0806602352065779;0.23048285966324072;-0.06969977905469771
119.1455723;0.044643699999994624;0.30231101064527177;0.22989168972439236;-0.12114218318478409;0.0806602352065779;0.23048285966324072;-0.06969977905469771
119.2601724;0.04532500000000539;0.30231101064527177;0.22887446985835522;-0.12114218318478409;0.0806602352065779;0.23048285966324072;-0.06969977905469771
119.3859995;0.04458509999999194;0.30231101064527177;0.22887446985835522;-0.12114218318478409;0.0806602352065779;0.23048285966324072;-0.06969977905469771
119.499983;0.04423610000000622;0.30231101064527177;0.22887446985835522;-0.12114218318478409;0.0806602352065779;0.23048285966324072;-0.06969977905469771
119.6300701;0.044642299999992474;0.30231101064527177;0.22887446985835522;-0.12114218318478409;0.0806602352065779;0.23048285966324072;-0.06969977905469771
119.7516629;0.04726780000000019;0.30231101064527177;0.22887446985835522;-0.12114218318478409;0.0806602352065779;0.23048285966324072;-0.06969977905469771
119.8808288;0.05302629999999908;0.30231101064527177;0.22887446985835522;-0.12114218318478409;0.0806602352065779;0.23048285966324072;-0.06969977905469771
119.9998416;0.0476208999999983;0.30231101064527177;0.22887446985835522;-0.12114218318478409;0.0806602352065779;0.23048285966324072;-0.06969977905469771
120.1160439;0.050098800000000665;0.30231101064527177;0.2278662122818867;-0.12114218318478409;0.0806602352065779;0.23048285966324072;-0.06969977905469771
120.2421589;0.053427500000012174;0.30231101064527177;0.2278662122818867;-0.12114218318478409;0.0806602352065779;0.23048285966324072;-0.06969977905469771
120.3772216;0.06215419999999483;0.30231101064527177;0.2278662122818867;-0.12114218318478409;0.0806602352065779;0.23048285966324072;-0.06969977905469771
120.5075864;0.05275329999999201;0.30231101064527177;0.2278662122818867;-0.12114218318478409;0.0806602352065779;0.23048285966324072;-0.06969977905469771
120.6397442;0.05897230000000775;0.30231101064527177;0.2278662122818867;-0.12114218318478409;0.0806602352065779;0.23048285966324072;-0.06969977905469771
120.7806166;0.06495720000000915;0.30231101064527177;0.2278662122818867;-0.12114218318478409;0.0806602352065779;0.23048285966324072;-0.06969977905469771
120.9244631;0.058157099999988304;0.30231101064527177;0.2278662122818867;-0.12114218318478409;0.0806602352065779;0.23048285966324072;-0.06969977905469771
121.0532909;0.04976530000000423;0.30231101064527177;0.22887446985835522;-0.12114218318478409;0.0806602352065779;0.23048285966324072;-0.06969977905469771
121.172828;0.051192999999997824;0.30231101064527177;0.22989168972439236;-0.12114218318478409;0.0806602352065779;0.23048285966324072;-0.06969977905469771
121.301617;0.05684469999999919;0.30231101064527177;0.2319534986008443;-0.12114218318478409;0.0806602352065779;0.23048285966324072;-0.06969977905469771
121.4315456;0.0521396999999979;0.30231101064527177;0.2329983341801274;-0.12114218318478409;0.0806602352065779;0.23048285966324072;-0.06969977905469771
121.5582945;0.052540699999994445;0.30231101064527177;0.2329983341801274;-0.12114218318478409;0.0806602352065779;0.23048285966324072;-0.06969977905469771
121.671101;0.04937360000000979;0.30231101064527177;0.23405262528501483;-0.12114218318478409;0.0806602352065779;0.23048285966324072;-0.06969977905469771
121.8094074;0.05145500000000425;0.30231101064527177;0.23619009218259487;-0.12114218318478409;0.0806602352065779;0.23048285966324072;-0.06969977905469771
121.9413597;0.05465889999999263;0.30231101064527177;0.23511650085449218;-0.12114218318478409;0.0806602352065779;0.23048285966324072;-0.06969977905469771
122.0664276;0.05190100000000086;0.30231101064527177;0.23836695939165106;-0.12114218318478409;0.0806602352065779;0.23048285966324072;-0.06969977905469771
122.1950694;0.048040600000007316;0.30231101064527177;0.24058432645575945;-0.12114218318478409;0.0806602352065779;0.23048285966324072;-0.06969977905469771
122.3281429;0.04728719999999953;0.30231101064527177;0.24284333421590742;-0.12114218318478409;0.0806602352065779;0.23048285966324072;-0.06969977905469771
122.453899;0.05001130000000842;0.30231101064527177;0.24868091436532827;-0.12114218318478409;0.0806602352065779;0.23048285966324072;-0.06969977905469771
122.5774352;0.04888699999999346;0.30231101064527177;0.25355701072543274;-0.12114218318478409;0.0806602352065779;0.23048285966324072;-0.06969977905469771
122.7115048;0.05065270000000055;0.30231101064527177;0.2573414437213347;-0.12114218318478409;0.0806602352065779;0.23048285966324072;-0.06969977905469771
122.8339756;0.047267300000001455;0.30231101064527177;0.2625666507004481;-0.12114218318478409;0.0806602352065779;0.23048285966324072;-0.06969977905469771
122.9555754;0.05178140000001008;0.30231101064527177;0.2722401588841488;-0.12114218318478409;0.0806602352065779;0.23048285966324072;-0.06969977905469771
123.0767206;0.04899419999999566;0.30231101064527177;0.2780947859569262;-0.12114218318478409;0.0806602352065779;0.23048285966324072;-0.06969977905469771
123.2070778;0.05283389999999599;0.30231101064527177;0.2842067592746609;-0.12114218318478409;0.0806602352065779;0.23048285966324072;-0.06969977905469771
123.3383666;0.05625630000000115;0.30231101064527177;0.2873646121554904;-0.12114218318478409;0.0806602352065779;0.1345051791529645;-0.11407859044584294
123.472904;0.057851099999993494;0.30231101064527177;0.3007304080696993;-0.12114218318478409;0.0806602352065779;0.08479516320020082;-0.15732567420811905
123.6017173;0.048120799999992414;0.30231101064527177;0.3042684128705193;-0.12114218318478409;0.0806602352065779;0.08479516320020082;-0.15732567420811905
123.7241013;0.05005719999999769;0.30231101064527177;0.3116001818553511;-0.12114218318478409;0.0806602352065779;0.08479516320020082;-0.15732567420811905
123.8674595;0.056479199999998286;0.30231101064527177;0.3192940135061005;-0.12114218318478409;0.0806602352065779;0.0760897464981781;-0.12220500078919419
124.0034349;0.058619000000007304;0.3370533792705945;0.3192940135061005;-0.06280109023629997;-0.038169088775586495;0.06913099497279693;-0.08760958169097918
124.1413602;0.06439679999999726;0.3357777435578442;0.3192940135061005;-0.05416353681458803;-0.046988642075221645;-0.07325386170942756;-0.10210465466794232
124.2711569;0.05754779999999471;0.338921110100213;0.3253184288552722;-0.05124741571263689;-0.04536091215130453;-0.10987721332618303;-0.0805414286179453
124.4070164;0.05971759999999904;0.3396818661880387;0.3253184288552722;-0.047519447316129865;-0.05643810388413814;-0.1012844344563519;-0.019620429199154403
124.5356179;0.060580699999988497;0.33776756750794235;0.3253184288552722;-0.04251626120133684;-0.06753036324051559;-0.07665345527385994;0.006054464368878487
124.6653196;0.05965519999999458;0.33726073355117053;0.3212772061365732;-0.03842686122347486;-0.07698111857670391;-0.09733141600977695;-0.057653011237666876
124.7996055;0.05396090000000697;0.33013610576238683;0.3192940135061005;-0.019471502630102392;-0.08310328794147613;-0.07529398918605293;-0.0315307327489316
124.925379;0.058677200000005314;0.33164291193252016;0.3192940135061005;-0.008065933609986774;-0.08943370676995645;-0.08648644878575366;-0.028800833324773033
125.0429762;0.04849360000000047;0.3321591510741228;0.31733515452753547;-0.006932245237226766;-0.08590986889180117;-0.051698506624648755;0.02631640123060826
125.1503594;0.0483947000000029;0.33135260811961736;0.3154001840730993;-0.08117157014983406;0.02269482792818937;-0.06673083650538603;0.020321305622595726
125.2583726;0.04670740000000251;0.3238700028488743;0.31348866780598955;-0.09224124552568536;0.019218490092491766;-0.08457112595000195;0.014200050093375743
125.3715792;0.04404120000000944;0.3213337311864115;0.3097343125029238;-0.09527907220129164;0.007712116341864139;-0.09545201728858646;0.01390166827024614
125.4782076;0.04727849999999023;0.3192765609282895;0.3097343125029238;-0.10461520334062492;0.008372887184391989;-0.09620815449557918;0.0061175429958733206
125.5862421;0.04589399999998989;0.3097205711451643;0.3078906558808826;-0.11736844052713027;0.011020240613402852;-0.12101048872407412;0.005061440545595839
125.7039374;0.04671170000000302;0.3064436339486551;0.306068817680404;-0.11958809280739417;0.015187485234165098;-0.12561074544545103;0.01350141635490595
125.8245029;0.045034200000003466;0.31118136284008;0.30248906542683207;-0.12605521839341438;0.008789873922756994;-0.12377606230665464;0.014417188446741825
125.9292623;0.049123499999993214;0.29887262836863954;0.3042684128705193;-0.14367595225208074;0.0031933016313175655;-0.016082601811916685;0.006208526683157201
126.0343605;0.042837800000000925;0.29887262836863954;0.306068817680404;-0.14367595225208074;0.0031933016313175655;0.021423251851683155;0.036853221397640815
126.1215802;0.036252000000004614;0.29887262836863954;0.3116001818553511;-0.14367595225208074;0.0031933016313175655;-0.18044710354229454;-0.05055189989803464
126.2248888;0.03278209999999149;0.29887262836863954;0.3192940135061005;-0.14367595225208074;0.0031933016313175655;-0.18044710354229454;-0.05055189989803464
126.3158957;0.03136440000000107;0.29887262836863954;0.32737740625309036;-0.14367595225208074;0.0031933016313175655;-0.18044710354229454;-0.05055189989803464
126.4126306;0.03187559999999223;0.29887262836863954;0.3315745524871044;-0.14367595225208074;0.0031933016313175655;-0.18044710354229454;-0.05055189989803464
126.5187985;0.03445130000000063;0.29887262836863954;0.338076014300577;-0.14367595225208074;0.0031933016313175655;-0.18044710354229454;-0.05055189989803464
126.6101549;0.03458439999999996;0.29887262836863954;0.34483753458658856;-0.14367595225208074;0.0031933016313175655;-0.18044710354229454;-0.05055189989803464
126.7028279;0.033969499999997765;0.29887262836863954;0.3471518804562972;-0.14367595225208074;0.0031933016313175655;-0.18044710354229454;-0.05055189989803464
126.8099985;0.03381869999999765;0.29887262836863954;0.35428513827389235;-0.14367595225208074;0.0031933016313175655;-0.18044710354229454;-0.05055189989803464
126.9124107;0.04019619999999691;0.29887262836863954;0.35920576519436304;-0.14367595225208074;0.0031933016313175655;-0.18044710354229454;-0.05055189989803464
127.0204543;0.036478899999991654;0.29887262836863954;0.36684844104956227;-0.14367595225208074;0.0031933016313175655;-0.18044710354229454;-0.05055189989803464
127.1193408;0.036865099999999984;0.29887262836863954;0.37212683588480777;-0.14367595225208074;0.0031933016313175655;-0.18044710354229454;-0.05055189989803464
127.2344629;0.040644499999999084;0.29887262836863954;0.37212683588480777;-0.14367595225208074;0.0031933016313175655;-0.18044710354229454;-0.05055189989803464
127.3474892;0.04707679999999925;0.29887262836863954;0.38033551608814914;-0.14367595225208074;0.0031933016313175655;-0.15298984036659874;-0.05256741348138588
127.4614558;0.038640000000000896;0.29887262836863954;0.37755934443787065;-0.14367595225208074;0.0031933016313175655;-0.15298984036659874;-0.05256741348138588
127.5758373;0.0393006999999983;0.29887262836863954;0.37755934443787065;-0.14367595225208074;0.0031933016313175655;-0.23518146646807597;-0.050415992549099974
127.6835618;0.03740829999999562;0.29887262836863954;0.37755934443787065;-0.14367595225208074;0.0031933016313175655;-0.20169432932763276;-0.08093313616876138
127.7982667;0.05247300000000621;0.29887262836863954;0.37755934443787065;-0.14367595225208074;0.0031933016313175655;0.019178653717034023;-0.13553414033862163
127.9328673;0.04941389999999046;0.29887262836863954;0.37755934443787065;-0.14367595225208074;0.0031933016313175655;0.0207278658200374;-0.16073751932133587
128.069952;0.04518939999999816;0.29887262836863954;0.37755934443787065;-0.14367595225208074;0.0031933016313175655;0.04062931577750285;-0.23002185479631052
128.1786488;0.03604419999999209;0.29887262836863954;0.37755934443787065;-0.14367595225208074;0.0031933016313175655;0.04062931577750285;-0.23002185479631052
128.2773865;0.03884240000002137;0.29887262836863954;0.38033551608814914;-0.14367595225208074;0.0031933016313175655;0.19491076302384766;-0.11228483566648725
128.383326;0.03569849999999519;0.29887262836863954;0.3831528162073206;-0.14367595225208074;0.0031933016313175655;0.014904248808269016;-0.12318748197753762
128.483046;0.035415999999997894;0.29887262836863954;0.3860121655820021;-0.14367595225208074;0.0031933016313175655;-0.021243948649533512;-0.16426580871399363
128.5790958;0.03624650000000429;0.29887262836863954;0.39186083475748695;-0.14367595225208074;0.0031933016313175655;0.21512730445502096;-0.08803557421140279
128.6722273;0.03811949999999342;0.29887262836863954;0.3978894629845252;-0.14367595225208074;0.0031933016313175655;0.2060498141478872;-0.11019313932292425
128.7805913;0.03885689999998476;0.29887262836863954;0.3978894629845252;-0.14367595225208074;0.0031933016313175655;0.39636911828079674;-0.14863931980347278
128.8873966;0.04074689999998782;0.29887262836863954;0.40410648584365844;-0.14367595225208074;0.0031933016313175655;0.3025238993949618;-0.0657437122773528
128.9945634;0.038683200000008355;0.29887262836863954;0.40728842667707305;-0.14367595225208074;0.0031933016313175655;0.16488886613317622;0.04922679531303116
129.098766;0.036715100000009215;0.29887262836863954;0.41052087450784347;-0.14367595225208074;0.0031933016313175655;0.2700468219324845;0.08762455651671394
129.204378;0.03664820000000191;0.29887262836863954;0.41714217893538935;-0.14367595225208074;0.0031933016313175655;0.2481914485590166;0.15899413918417568
129.3077879;0.034464200000002165;0.29887262836863954;0.41380504150390623;-0.14367595225208074;0.0031933016313175655;0.12877619910560967;0.04197092347434813
129.4017668;0.03679230000000189;0.29887262836863954;0.41380504150390623;-0.14367595225208074;0.0031933016313175655;0.2022692285679689;0.12132900447403132
129.5180408;0.04739800000001537;0.29887262836863954;0.41380504150390623;-0.14367595225208074;0.0031933016313175655;0.22119831576767876;0.12886283504557405
129.6165803;0.03919479999998998;0.29887262836863954;0.41714217893538935;-0.14367595225208074;0.0031933016313175655;0.18387364203720166;0.13414049004294484
129.7154906;0.03710799999998926;0.29887262836863954;0.41714217893538935;-0.14367595225208074;0.0031933016313175655;0.18880427243097223;0.17601982150173917
129.8316212;0.038897600000012744;0.29887262836863954;0.41380504150390623;-0.14367595225208074;0.0031933016313175655;0.06593248733777238;0.187046269035644
129.9365616;0.03966320000000678;0.29887262836863954;0.41380504150390623;-0.14367595225208074;0.0031933016313175655;0.15621896850541678;0.14078060681334015
130.0431093;0.03824449999999047;0.29887262836863954;0.41052087450784347;-0.14367595225208074;0.0031933016313175655;0.10564233772908119;0.07051396766695428
130.156394;0.03613300000000663;0.29887262836863954;0.41052087450784347;-0.14367595225208074;0.0031933016313175655;0.034403545920649696;0.06424617980301367
130.2749059;0.04329730000000609;0.29887262836863954;0.41052087450784347;-0.14367595225208074;0.0031933016313175655;0.044970102177902246;0.05528900918682633
130.3785377;0.03596569999999133;0.29887262836863954;0.41052087450784347;-0.14367595225208074;0.0031933016313175655;0.0254711693120895;0.053646856966677495
130.4878201;0.03930059999999003;0.29887262836863954;0.41052087450784347;-0.14367595225208074;0.0031933016313175655;0.029411621782581398;-0.0038708808887415445
130.5985358;0.038783800000004476;0.29887262836863954;0.41052087450784347;-0.14367595225208074;0.0031933016313175655;-0.023231224336244853;0.024136844349014745
130.7179284;0.045195500000005495;0.29887262836863954;0.41052087450784347;-0.14367595225208074;0.0031933016313175655;-0.010263277363976583;0.018501575413238408
130.8297903;0.04006060000000389;0.29887262836863954;0.41052087450784347;-0.14367595225208074;0.0031933016313175655;-0.033809583246426085;0.003513208314776786
130.9353025;0.04314360000000761;0.29887262836863954;0.41052087450784347;-0.14367595225208074;0.0031933016313175655;-0.003160630777188466;0.030262198524682687
131.0464738;0.03821849999999927;0.29887262836863954;0.40410648584365844;-0.14367595225208074;0.0031933016313175655;3.039745388717209;-1.5691969405704993
131.1437659;0.03828179999999293;0.29887262836863954;0.40410648584365844;-0.14367595225208074;0.0031933016313175655;2.8624482449354356;-1.520500282870192
131.2345116;0.03532130000002098;0.29887262836863954;0.4009738774262657;-0.14367595225208074;0.0031933016313175655;2.896223031458124;-1.5423298072944347
131.3243626;0.03378309999999374;0.29887262836863954;0.3978894629845252;-0.14367595225208074;0.0031933016313175655;3.823513476416333;-1.6158376793910612
131.4145731;0.03510510000000977;0.29887262836863954;0.3978894629845252;-0.14367595225208074;0.0031933016313175655;3.867716928447721;-1.597073265679336
131.5027018;0.034067200000009734;0.29887262836863954;0.39186083475748695;-0.14367595225208074;0.0031933016313175655;3.820097867725233;-1.557925856299288
131.6254928;0.033156699999977945;0.29887262836863954;0.3889145126916412;-0.14367595225208074;0.0031933016313175655;3.8661250780049654;-1.5763654735358048
131.7263573;0.03433689999999956;0.29887262836863954;0.3860121655820021;-0.14367595225208074;0.0031933016313175655;3.900315344002496;-1.5498109626682954
131.8223317;0.03547419999998169;0.29887262836863954;0.3860121655820021;-0.14367595225208074;0.0031933016313175655;3.9206511654367366;-1.5446502800002946
131.9311896;0.03738060000000587;0.29887262836863954;0.3860121655820021;-0.14367595225208074;0.0031933016313175655;3.9092495868615393;-1.5404038584282547
132.0418058;0.03868500000001518;0.29887262836863954;0.3860121655820021;-0.14367595225208074;0.0031933016313175655;0.8478998000042786;0.04764973562146748
132.1400487;0.038805299999978615;0.29887262836863954;0.3831528162073206;-0.14367595225208074;0.0031933016313175655;1.0057502481342877;0.0040249211324770145
132.246701;0.0359553000000119;0.29887262836863954;0.38033551608814914;-0.14367595225208074;0.0031933016313175655;0.9628549521514704;0.01957287801349861
132.349941;0.035578799999996136;0.29887262836863954;0.38033551608814914;-0.14367595225208074;0.0031933016313175655;0.056335160495933755;0.0926346895601853
132.4510929;0.03762019999999211;0.29887262836863954;0.38033551608814914;-0.14367595225208074;0.0031933016313175655;0.016729876054212393;0.0865915115922138
132.5571499;0.03675190000001294;0.29887262836863954;0.37755934443787065;-0.14367595225208074;0.0031933016313175655;0.15384103979547126;0.04823685058599042
132.6606067;0.035219100000006165;0.29887262836863954;0.37755934443787065;-0.14367595225208074;0.0031933016313175655;0.13447780026537068;0.04666539173335304
132.7502958;0.03728739999999675;0.29887262836863954;0.37755934443787065;-0.14367595225208074;0.0031933016313175655;0.1146227726685809;0.01658838322394072
132.848623;0.04095200000000432;0.29887262836863954;0.37755934443787065;-0.14367595225208074;0.0031933016313175655;0.10890971061560364;0.01051256479390171
132.9546096;0.037874899999991385;0.29887262836863954;0.37755934443787065;-0.14367595225208074;0.0031933016313175655;0.1236376455560511;0.00691047574032443
133.0463817;0.03666440000000648;0.29887262836863954;0.38033551608814914;-0.14367595225208074;0.0031933016313175655;0.13673938492037113;0.01185519257959412
133.1470636;0.03541930000000093;0.29887262836863954;0.38033551608814914;-0.14367595225208074;0.0031933016313175655;0.13161902991201016;0.01528618964833999
133.237294;0.03666669999998362;0.29887262836863954;0.3748234071593354;-0.14367595225208074;0.0031933016313175655;0.12248519193169367;0.022137377367235284
133.3453142;0.03528790000001436;0.29887262836863954;0.37755934443787065;-0.14367595225208074;0.0031933016313175655;0.09671436167445313;0.01947016225570082
133.4330798;0.03411220000000981;0.29887262836863954;0.37755934443787065;-0.14367595225208074;0.0031933016313175655;0.0802288734223052;-0.0048460573302193406
133.5262256;0.03603179999998929;0.29887262836863954;0.37755934443787065;-0.14367595225208074;0.0031933016313175655;0.005352490546776796;-0.01610795511847311
133.6295187;0.03493960000000129;0.29887262836863954;0.3831528162073206;-0.14367595225208074;0.0031933016313175655;0.030383491752062175;-0.020047875305765052
133.732617;0.04205269999999928;0.29887262836863954;0.3860121655820021;-0.14367595225208074;0.0031933016313175655;0.029129609076702707;-0.019879807595053
133.832472;0.038284800000013774;0.29887262836863954;0.3860121655820021;-0.14367595225208074;0.0031933016313175655;0.011298967162500334;-0.016797443702163944
133.9425349;0.04822459999999751;0.29887262836863954;0.3860121655820021;-0.14367595225208074;0.0031933016313175655;-0.0075099894135744055;-0.015549800530502053
134.054647;0.03964419999999791;0.29887262836863954;0.3860121655820021;-0.14367595225208074;0.0031933016313175655;-0.02044283782053017;-0.009163272812919126
134.1644558;0.03984790000001226;0.29887262836863954;0.3860121655820021;-0.14367595225208074;0.0031933016313175655;-0.010574044844835524;-0.018679469424791074
134.2722755;0.03803680000001464;0.29887262836863954;0.3860121655820021;-0.14367595225208074;0.0031933016313175655;0.005530766984705384;-0.035122139074698216
134.3798656;0.03564679999999498;0.29887262836863954;0.3860121655820021;-0.14367595225208074;0.0031933016313175655;-0.0025965221229134125;-0.02940810348108224
134.4845031;0.034390199999990045;0.29887262836863954;0.3860121655820021;-0.14367595225208074;0.0031933016313175655;0.0033989130726720914;-0.02344795569553787
134.5889981;0.036777200000017274;0.29887262836863954;0.3860121655820021;-0.14367595225208074;0.0031933016313175655;-0.01755107682074039;-0.012734452147277604
134.6869742;0.03728449999999839;0.29887262836863954;0.3860121655820021;-0.14367595225208074;0.0031933016313175655;-0.026658711156227633;-0.019837640783930223
134.7826629;0.03911820000001853;0.29887262836863954;0.3860121655820021;-0.14367595225208074;0.0031933016313175655;-0.0359775678409368;-0.023414930850342564
134.8754756;0.04044049999998833;0.29887262836863954;0.3860121655820021;-0.14367595225208074;0.0031933016313175655;-0.03014199709013069;-0.029058120305600767
134.9886361;0.037135199999994484;0.29887262836863954;0.3889145126916412;-0.14367595225208074;0.0031933016313175655;-0.0313578944314838;-0.024366664492882335
135.0964129;0.03558180000001698;0.29887262836863954;0.3860121655820021;-0.14367595225208074;0.0031933016313175655;-0.036989495841015095;-0.025084021558270685
135.2038716;0.03924509999998804;0.29887262836863954;0.3889145126916412;-0.14367595225208074;0.0031933016313175655;-0.022719292695964434;-0.0517922757932609
135.3098248;0.036980699999986655;0.29887262836863954;0.3889145126916412;-0.14367595225208074;0.0031933016313175655;-0.015768301187775592;-0.04327843817590116
135.416053;0.038557700000012574;0.29887262836863954;0.3889145126916412;-0.14367595225208074;0.0031933016313175655;-0.00755907220718921;-0.052417149051086284
135.5251606;0.038935799999990195;0.29887262836863954;0.3889145126916412;-0.14367595225208074;0.0031933016313175655;-0.01225885012267101;-0.043488031909825656
135.6132327;0.03750610000000165;0.29887262836863954;0.3889145126916412;-0.14367595225208074;0.0031933016313175655;-0.05926642192312438;-0.02320721645625759
135.7294351;0.040491099999997004;0.29887262836863954;0.3860121655820021;-0.14367595225208074;0.0031933016313175655;0.02676144471739813;-0.11197179238312342
135.8385428;0.04040200000000027;0.29887262836863954;0.38033551608814914;-0.14367595225208074;0.0031933016313175655;0.021618396277714794;-0.10197025114692049
135.9552827;0.05550709999999981;0.29887262836863954;0.38033551608814914;-0.14367595225208074;0.0031933016313175655;0.01458318711440223;-0.10476722044206188
136.0633639;0.0352546000000018;0.29887262836863954;0.38033551608814914;-0.14367595225208074;0.0031933016313175655;0.024522786765696396;-0.1105742473772576
136.1673506;0.039351699999997436;0.29887262836863954;0.38033551608814914;-0.14367595225208074;0.0031933016313175655;0.031088186281857645;-0.11799360361312179
136.2695089;0.03833929999998986;0.29887262836863954;0.38033551608814914;-0.14367595225208074;0.0031933016313175655;0.0013733336810705932;-0.08514124265558894
136.3709494;0.03836259999999925;0.29887262836863954;0.38033551608814914;-0.14367595225208074;0.0031933016313175655;-0.007950137117987024;-0.0902072018364479
136.4767077;0.040819400000003725;0.29887262836863954;0.38033551608814914;-0.14367595225208074;0.0031933016313175655;-0.032463350640076466;-0.08907245241990061
136.5903156;0.04122580000000653;0.29887262836863954;0.38033551608814914;-0.14367595225208074;0.0031933016313175655;-0.034070473951032756;-0.09508930160533213
136.6968519;0.03686079999999947;0.29887262836863954;0.38033551608814914;-0.14367595225208074;0.0031933016313175655;0.27425252284119245;-0.24431915197305837
136.8036221;0.0350420999999983;0.29887262836863954;0.38033551608814914;-0.14367595225208074;0.0031933016313175655;0.1783805630770612;-0.15164238781888945
136.912845;0.041165199999994684;0.29887262836863954;0.3831528162073206;-0.14367595225208074;0.0031933016313175655;0.1834956565964781;-0.14226396409931946
137.0161234;0.04545849999999518;0.29887262836863954;0.3860121655820021;-0.14367595225208074;0.0031933016313175655;0.20932716298572568;-0.1483244696349963
137.1279481;0.04253019999998742;0.29887262836863954;0.39186083475748695;-0.14367595225208074;0.0031933016313175655;0.23449056797984488;-0.18169043003870528
137.2461936;0.0420460999999932;0.29887262836863954;0.3948521388396052;-0.14367595225208074;0.0031933016313175655;0.6673711805499396;0.036821260991026825
137.3576179;0.037988799999993716;0.29887262836863954;0.40410648584365844;-0.14367595225208074;0.0031933016313175655;0.8169505382691342;-0.0010977647459356477
137.451505;0.03538980000001857;0.29887262836863954;0.40728842667707305;-0.14367595225208074;0.0031933016313175655;0.8169505382691342;-0.0010977647459356477
137.5590749;0.03707499999998731;0.29887262836863954;0.40728842667707305;-0.14367595225208074;0.0031933016313175655;0.8185461065601116;-0.001714725544419741
137.660483;0.037880499999999984;0.29887262836863954;0.40728842667707305;-0.14367595225208074;0.0031933016313175655;0.8631373230774478;-0.020015995266802405
137.766567;0.03631970000000706;0.29887262836863954;0.40410648584365844;-0.14367595225208074;0.0031933016313175655;0.8834519340372973;-0.02529935201652561
137.8604175;0.039951799999982995;0.29887262836863954;0.40728842667707305;-0.14367595225208074;0.0031933016313175655;0.6470173326391235;0.09851735650033204
137.9754817;0.04485710000000154;0.40051014299588206;0.40728842667707305;-0.025872917524301577;0.13251235724664848;0.6597595434940035;0.09654414116093588
138.0874047;0.04392570000001683;0.4059651686781057;0.40728842667707305;-0.019821013504157225;0.12213733731281673;0.6531953835066127;0.07991792419393452
138.203699;0.04844040000000405;0.40916187473254273;0.40728842667707305;-0.011905428284371682;0.09718688367171197;0.6395691803145304;0.0866952514841999
138.3261589;0.04826750000000857;0.4094960310309993;0.41380504150390623;-0.021186479014115203;0.08725808598935952;0.6189274644519374;0.11716189575482505
138.4363608;0.04907249999999408;0.4081493252599787;0.41380504150390623;-0.02891525927328821;0.06950403145104198;0.18634741414542738;-0.09886805287675396
138.5515872;0.040001799999998866;0.4013693089723422;0.41052087450784347;-0.0231898462207865;0.05350430155544459;0.08218793268596657;-0.037576875015113656
138.6708857;0.04874110000000087;0.41112045968508987;0.40728842667707305;-0.009352657141173941;0.02932476481719169;0.14242637442574949;0.03989421540481475
138.7723157;0.04652770000001283;0.411236082036935;0.40728842667707305;-0.008114938226219032;-0.0002318333493809277;0.13047255038507574;0.05744648978848251
138.8861389;0.05087109999999484;0.4122840193517261;0.40728842667707305;0.0015124126245427878;-0.012848349486110619;0.1320776529008039;0.06820486364237152
138.9948056;0.049571899999989455;0.41002314768304154;0.40728842667707305;0.022097839692628782;-0.03640674669005525;0.11212481607483496;0.07266178414353733
139.1318672;0.058639900000002854;0.41342980352955294;0.40728842667707305;0.02249502012820627;-0.032097949649850056;0.10864486020027475;0.07164396806329237
139.2585709;0.05356749999998556;0.4175929822714775;0.40728842667707305;0.025188159116770466;-0.030069543322649366;0.10726579279467294;0.07638089464538059
139.3751534;0.05573079999999209;0.41948627815574113;0.40728842667707305;0.03063034014585567;-0.03372161370589947;0.11088643743989593;0.07711112328988855
139.4829973;0.04842220000000452;0.4167657254024327;0.40728842667707305;0.043447188771822375;-0.029627038096095223;0.12173342916263799;0.08511396077289662
139.5953683;0.050307000000003654;0.4168546792015884;0.40728842667707305;0.040512708404888215;-0.016802234325469442;0.13088815662032183;0.0921158405021685
139.718621;0.04773249999999507;0.41728313429850306;0.40728842667707305;0.03245418044018043;-0.001224470800124085;0.08585609040281336;0.06760187034250971
139.8244355;0.05020129999999767;0.41691666954076917;0.40728842667707305;0.03840012144315;0.003505233362638516;0.02014651012443372;-0.011653054027698666
139.9429442;0.05149549999998726;0.4167453930484962;0.40728842667707305;0.03921768522683412;0.00577988294033235;0.022627156074676885;-0.005130464486909884
140.0639054;0.05256620000000112;0.41739559484051514;0.40728842667707305;0.04592880395785096;0.006649322236239806;0.01993239342801074;-0.0008082834051494528
140.1913418;0.053545300000024554;0.41712333963757586;0.40410648584365844;0.05916254891588715;0.011904443704127106;0.03331110990320611;-0.002512489956672193
140.3381696;0.06726430000000505;0.4173316436710651;0.40728842667707305;0.06276579866220705;0.016118189096205177;0.0405018923289112;0.003201866278825338
140.4663239;0.06184020000000601;0.41705498541220903;0.40728842667707305;0.06432634294309907;0.019924749551636887;0.04147941505952639;0.007897263882870004
140.6067942;0.05849620000000755;0.4220262605530122;0.40728842667707305;0.0667290184736868;0.015546106955623211;0.050927564973012054;0.005880572767858085
140.7569147;0.05890759999999773;0.423867476548363;0.40728842667707305;0.06994932860576569;0.0093547604111388;0.06117832735027713;0.011289134894093621
140.9006896;0.06240700000000743;0.419415919171305;0.40728842667707305;0.06827445300072459;0.00820701563774015;0.059976667424761744;0.010983108218967528
141.0327058;0.05434869999999137;0.4173546586844515;0.40728842667707305;0.07885755716766472;0.007915071640940715;0.09343583425277403;0.010835207661097853
141.1568673;0.055751900000018395;0.42016284250314345;0.40728842667707305;0.08253312756500203;0.007755133512502584;0.10573835769496623;0.018736967084295664
141.2968546;0.05960690000000568;0.4161994492664013;0.40728842667707305;0.0815246307806868;0.010145060947366006;0.11755565146257177;0.02498589662262618
141.4339962;0.061578200000013794;0.411378230072184;0.4009738774262657;0.07348485355580034;0.006053403002261347;0.10983589631448838;0.022990072114585456
141.5951474;0.07356629999998177;0.41488984284915453;0.40410648584365844;0.07162032499911815;0.0052683490699810325;0.10958510556786379;0.023970869404363198
141.7473598;0.06947479999999473;0.4136751055357636;0.40728842667707305;0.07002096349936153;0.005451021802765469;0.10536054156801748;0.022083040652566603
141.9040002;0.07107880000000932;0.4150252862231988;0.40410648584365844;0.05637845993579674;0.00766253648703596;0.10132595191712099;0.019113356754088057
142.0587162;0.06447990000000914;0.41102361614225424;0.40728842667707305;0.04680112667032596;0.009235419557972425;0.08939056386881726;0.026313555684204366
142.2108199;0.06886289999999917;0.41097997327038516;0.4009738774262657;0.04057352332825507;0.00977746117417054;0.07455252289733254;0.019308727992236964
142.3654711;0.06561540000001287;0.4119184382971255;0.40728842667707305;0.009315542694580162;0.014312508080205356;0.05419256675640717;0.012341209242719493
142.5097045;0.06282749999999737;0.41201057411497943;0.40728842667707305;-0.008986886693337907;0.014679315861770197;0.028043935620290488;0.014584559653563806
142.6512803;0.066810299999986;0.41120385356959643;0.40728842667707305;-0.02313330164853962;0.009050713917004167;0.00842851113001715;0.012199485971829125
142.801252;0.06004200000000992;0.4110934627990111;0.40728842667707305;-0.030105059257830327;0.009892750504831911;-0.018254746757144953;0.0016649379442652656
142.9429006;0.0674542999999801;0.41296284337129574;0.40410648584365844;-0.04746481404346855;0.010835179461694492;-0.07620852195890666;-0.00877580628153569
143.0937627;0.061584199999998646;0.4127685953784249;0.40410648584365844;-0.053338374795052476;0.009473334309972084;-0.09809428798398519;-0.01479182397717572
143.2451946;0.06485290000000532;0.41222407335695643;0.40410648584365844;-0.06070355325951133;0.006689406620671024;-0.09846204424493588;-0.014872320672323733
143.4021476;0.06422589999999673;0.41093512181145503;0.40410648584365844;-0.06344520693035346;0.0031642543372510843;-0.10087524074905771;-0.020309149149474924
143.5440893;0.06498410000000376;0.41174133873439583;0.40728842667707305;-0.06966474716165666;-0.00011240426693350864;-0.14978284252515012;-0.040075282565867974
143.7057052;0.07463270000002353;0.4076054445373613;0.40728842667707305;-0.07184345705874487;-0.0032542088690442022;-0.15870444428866287;-0.03588313611184593
143.8870712;0.0760135999999818;0.4039910457894959;0.40728842667707305;-0.07688429854873308;-0.0027040113515245665;-0.15360611728116286;-0.03322635745064727
144.0637793;0.07882090000001085;0.4042440079846061;0.40728842667707305;-0.0734589608930568;6.323716826140763e-05;-0.160235236413173;-0.03259887065146686
144.2340938;0.0737543000000187;0.4040456904155717;0.40728842667707305;-0.0780522691299544;-0.00030015273682253174;-0.16063221056256666;-0.0320052923726686
144.3927555;0.06970420000001809;0.40075131166119216;0.40728842667707305;-0.06973961983607105;0.0002577779977070458;-0.17404910624567088;-0.029404057971807306
144.5365216;0.06507080000000087;0.3997061107894854;0.40728842667707305;-0.07188172447016593;0.003221138962921555;-0.12591049615598748;-0.019582759985012695
144.6797099;0.06499359999997978;0.3997061107894854;0.40728842667707305;-0.07188172447016593;0.003221138962921555;-0.1172895630766195;-0.011175300816687111
144.8364243;0.0643386999999791;0.3997061107894854;0.41052087450784347;-0.07188172447016593;0.003221138962921555;-0.12084629720007456;-0.009135868087230775
145.0085501;0.07668989999999098;0.3997061107894854;0.41380504150390623;-0.07188172447016593;0.003221138962921555;-0.11872356787129142;-0.002281620987870387
145.1479205;0.05890969999998674;0.3997061107894854;0.41380504150390623;-0.07188172447016593;0.003221138962921555;-0.07457919828226951;0.014858923372910424
145.290989;0.06570759999999609;0.3997061107894854;0.42398057531137934;-0.07188172447016593;0.003221138962921555;-0.08528593384770267;0.008082472189154819
145.446885;0.07925999999997657;0.3997061107894854;0.42398057531137934;-0.07188172447016593;0.003221138962921555;-0.07955401929607772;0.00436694085021688
145.6120549;0.07832899999999654;0.3997061107894854;-0.091226861001743;-0.07188172447016593;0.003221138962921555;-0.07678044880915488;0.005309349327165181
145.7982522;0.09300229999999488;0.3997061107894854;-0.09027160591271952;-0.07188172447016593;0.003221138962921555;-0.06869969056746356;0.0075589089299429955
145.9589648;0.06617689999998788;0.3997061107894854;-0.09421790562475096;-0.07188172447016593;0.003221138962921555;-0.050166128638822124;0.010273360518168404
146.108894;0.05914459999999622;0.3997061107894854;-0.09985642893434031;-0.07188172447016593;0.003221138962921555;-0.04649380409443659;0.014205917917756073
146.2485575;0.06375399999998876;0.3997061107894854;-0.09815110092597397;-0.07188172447016593;0.003221138962921555;-0.04021570301831911;0.011447237597851113
146.4076995;0.0660378000000037;0.3997061107894854;-0.09815110092597397;-0.07188172447016593;0.003221138962921555;-0.0369430877803651;0.010330329880037292
146.5449213;0.060707199999995964;0.3997061107894854;-0.09966402733716431;-0.07188172447016593;0.003221138962921555;-0.03116286620997481;0.005975701417242281
146.6910066;0.05601730000000771;0.3997061107894854;-0.09596591871611926;-0.07188172447016593;0.003221138962921555;-0.020448153114937303;0.0036941237633608586
146.8307007;0.06175139999999146;0.3997061107894854;-0.09203848787898271;-0.07188172447016593;0.003221138962921555;0.0014457115591433936;0.004392840426859309
146.9771432;0.05744210000000294;0.3997061107894854;-0.08535582539271994;-0.07188172447016593;0.003221138962921555;0.01246195714039205;0.0021487109497942644
147.1232985;0.061771200000009685;0.3997061107894854;-0.07945565313055035;-0.07188172447016593;0.003221138962921555;0.01804131458979382;0.003523293980078221
147.2874528;0.07153149999999187;0.3997061107894854;-0.07562226635670802;-0.07188172447016593;0.003221138962921555;0.025563824910906623;-0.0032629131499680762
147.4369807;0.0628169000000014;0.411224770646168;-0.07464015900142609;-0.06260277921442772;0.008362677243628516;0.03039496061259355;-0.007724224256467863
147.6017932;0.06819300000000794;0.415329813035485;-1;-0.04290128516510308;0.012853473043354468;0.04358818822682385;-0.011963879641631519
147.7521336;0.06235759999998436;0.41340694463735245;-1;-0.030373111747497475;0.012270411658096253;0.045106585302002414;-0.012487418935010878
147.8963699;0.07427200000000767;0.41340694463735245;-1;-0.030373111747497475;0.012270411658096253;0.049492735490321196;-0.01222404092369657
148.0484761;0.058990300000004936;0.41340694463735245;-1;-0.030373111747497475;0.012270411658096253;0.052161101019050235;-0.005962316621419574
148.1981543;0.05954669999999851;0.41340694463735245;-1;-0.030373111747497475;0.012270411658096253;0.04189995705101706;0.0038409707350581896
148.3441651;0.054351700000012215;0.41340694463735245;-1;-0.030373111747497475;0.012270411658096253;0.04189995705101706;0.0038409707350581896
148.4952368;0.05646829999997749;0.41340694463735245;-1;-0.030373111747497475;0.012270411658096253;0.04189995705101706;0.0038409707350581896
148.6387149;0.051219000000003234;0.41340694463735245;-1;-0.030373111747497475;0.012270411658096253;0.04189995705101706;0.0038409707350581896
148.7822971;0.054317299999979696;0.41340694463735245;-1;-0.030373111747497475;0.012270411658096253;0.04189995705101706;0.0038409707350581896
148.9342012;0.07020840000001272;0.41340694463735245;0.42398057531137934;-0.030373111747497475;0.012270411658096253;0.023797468875633547;0.00232414719975289
149.0754335;0.04975250000001097;0.41340694463735245;0.41380504150390623;-0.030373111747497475;0.012270411658096253;0.023797468875633547;0.00232414719975289
149.2028725;0.05847899999997708;0.41340694463735245;0.41052087450784347;-0.030373111747497475;0.012270411658096253;0.019987445090942153;0.005822522901062266
149.3462602;0.05622750000000565;0.41340694463735245;0.40728842667707305;-0.030373111747497475;0.012270411658096253;0.08205346859112306;-0.018107879042020252
149.4828231;0.05440250000000901;0.41340694463735245;0.40410648584365844;-0.030373111747497475;0.012270411658096253;-0.10003262941520615;0.085816391113233
149.6241561;0.058728099999996175;0.41340694463735245;-1;-0.030373111747497475;0.012270411658096253;-0.10003262941520615;0.085816391113233
149.7664435;0.05577269999997725;0.41340694463735245;-1;-0.030373111747497475;0.012270411658096253;-0.071081974887204;0.13434238642723034
149.8964303;0.05623879999998849;0.41340694463735245;-1;-0.030373111747497475;0.012270411658096253;-0.07111062946280336;0.12795737211072214
150.025611;0.05520659999999111;0.41340694463735245;-1;-0.030373111747497475;0.012270411658096253;0.03637059080438958;0.1983631982813782
150.158196;0.05492060000000265;0.41340694463735245;-1;-0.030373111747497475;0.012270411658096253;0.05445890098594797;0.17837233575434613
150.3085634;0.05771319999999491;0.41340694463735245;-1;-0.030373111747497475;0.012270411658096253;0.07355963094467999;0.17058105657050293
150.4585676;0.05634430000000634;0.41340694463735245;0.3948521388396052;-0.030373111747497475;0.012270411658096253;0.09322383290525835;0.17001915241055324
150.6188769;0.06541110000000572;0.41340694463735245;0.3978894629845252;-0.030373111747497475;0.012270411658096253;0.10349834381734954;0.17176287097518023
150.7677398;0.05575140000001966;0.41340694463735245;0.4009738774262657;-0.030373111747497475;0.012270411658096253;0.11267548537967394;0.15832950865847448
150.9120318;0.06671130000000858;0.41340694463735245;0.4009738774262657;-0.030373111747497475;0.012270411658096253;0.025297695796697987;0.18186885812863307
151.0513227;0.05845030000000406;0.41340694463735245;0.4009738774262657;-0.030373111747497475;0.012270411658096253;0.30488863502344987;0.05649977986592201
151.1947397;0.06258540000001744;0.41340694463735245;0.4009738774262657;-0.030373111747497475;0.012270411658096253;0.2380299804424856;-0.00941130370454118
151.3409197;0.0547456999999838;0.41340694463735245;0.3978894629845252;-0.030373111747497475;0.012270411658096253;0.20757928479039173;-0.0034150263610209257
151.4755494;0.05614879999998834;0.41340694463735245;0.3978894629845252;-0.030373111747497475;0.012270411658096253;0.0858665731783062;-0.08854971357475672
151.6078369;0.05697490000000016;0.41340694463735245;0.3978894629845252;-0.030373111747497475;0.012270411658096253;0.054230870868897926;-0.08913159122224204
151.749332;0.05037930000000301;0.41340694463735245;0.4009738774262657;-0.030373111747497475;0.012270411658096253;0.02081983806725332;-0.08921919888243464
151.8937176;0.06801210000000424;0.41340694463735245;0.4009738774262657;-0.030373111747497475;0.012270411658096253;-0.0003765470015354488;-0.09841016285725487
152.0459465;0.05887350000000424;0.41340694463735245;0.3978894629845252;-0.030373111747497475;0.012270411658096253;-0.0036191652249304993;-0.10143826521700308
152.1918926;0.060002900000000636;0.41340694463735245;0.3978894629845252;-0.030373111747497475;0.012270411658096253;-0.029969670707357406;-0.09199763676416177
152.3242205;0.056132499999989705;0.41340694463735245;0.3978894629845252;-0.030373111747497475;0.012270411658096253;-0.005015818098305556;-0.09834098683577755
152.4602102;0.06127180000001431;0.41340694463735245;0.3978894629845252;-0.030373111747497475;0.012270411658096253;-0.11823011258232738;-0.06754011824137138
152.6150359;0.06880870000000527;0.41340694463735245;0.3978894629845252;-0.030373111747497475;0.012270411658096253;-0.08355562998975852;-0.04638048851601688
152.7617122;0.06374879999998484;0.41340694463735245;0.3978894629845252;-0.030373111747497475;0.012270411658096253;-0.061180453908263224;-0.046988747324187716
152.8996056;0.05819399999998609;0.41340694463735245;0.3948521388396052;-0.030373111747497475;0.012270411658096253;-0.043162477391489505;-0.03015806540985157
153.0439035;0.05993159999999875;0.41340694463735245;0.39186083475748695;-0.030373111747497475;0.012270411658096253;-0.029465328262097308;-0.009084426379769809
153.1887123;0.06009939999998437;0.41340694463735245;0.39186083475748695;-0.030373111747497475;0.012270411658096253;-10.15369532554867;-6.064323618441406
153.3205249;0.05905709999998976;0.41340694463735245;0.3889145126916412;-0.030373111747497475;0.012270411658096253;-10.142995259464174;-6.0611011009704585
153.471909;0.05853129999999851;0.41340694463735245;0.3831528162073206;-0.030373111747497475;0.012270411658096253;-10.050273172084111;-6.099935105230388
153.6052895;0.05098920000000362;0.41340694463735245;0.38033551608814914;-0.030373111747497475;0.012270411658096253;-10.123161943848448;-6.115824532434313
153.7373036;0.057926000000009026;0.41340694463735245;0.37212683588480777;-0.030373111747497475;0.012270411658096253;-10.091828453819351;-6.131044082270671
153.8624239;0.05279830000000629;0.41340694463735245;0.36946878705705916;-0.030373111747497475;0.012270411658096253;-10.054366216981354;-6.069088838805429
153.9999168;0.06055910000000608;0.41340694463735245;0.36946878705705916;-0.030373111747497475;0.012270411658096253;-10.038243203791954;-6.070110239804954
154.1356311;0.060326399999979685;0.41340694463735245;0.36946878705705916;-0.030373111747497475;0.012270411658096253;-10.023820676952454;-6.078516250936006
