time;ExecutionTime;posZ-marker;posZ-laser;speedX-marker;speedY-marker;speedX-feature;speedY-feature
90.798884;0.047767899999996644;0.3130690402078469;0.3042684128705193;-5.7966956913123014e-05;-1.112522673762621e-05;-0.0022058436361139236;0.0004408906011353792
90.8985554;0.050399999999996226;0.3130690402078469;0.3042684128705193;-5.796695691312304e-05;-1.1125226737626212e-05;-0.0025274729692898817;0.00042321318699144894
91.0021578;0.05468780000001061;0.31199134658751965;0.3042684128705193;-0.00024326822444709122;0.0001462913136543698;-0.0032598740198911402;0.0002080410149008797
91.1056731;0.0483371000000119;0.3128158383568058;0.3042684128705193;-0.00024988706277213874;0.00016191840734821854;-0.002921848437007999;0.0002707154480152555
91.2006856;0.04776929999999879;0.3128158383568058;0.306068817680404;-0.0002498870627721387;0.00016191840734821857;-0.0026706140621113993;0.0004791090120985048
91.3064347;0.056351499999991006;0.3128158383568058;0.3042684128705193;-0.00026089289239949207;0.00013533776098784267;-0.0030932988798341304;0.0004962570711296466
91.393651;0.048462999999998146;0.3130690402078469;0.3042684128705193;-3.696048806821055e-05;-2.480020514819456e-05;-0.003042902994052324;0.0002836750654573346
91.504394;0.04811949999999854;0.3128762947592971;0.3042684128705193;-1.5831303004939707e-05;2.6229786689394938e-05;-0.0035193277838306844;-1.3210178825329931e-05
91.6045242;0.051375500000006014;0.3128762947592971;0.3042684128705193;-0.00021732387847000164;5.284640490996005e-05;-0.0026622592720924633;0.00011693687263892125
91.7011405;0.052064099999995506;0.31315531794415746;0.3042684128705193;0.00024450842702715723;-8.352344141847829e-06;-0.002354888765778472;0.0002140755342911008
91.8073956;0.04573159999999632;0.3130690402078469;0.3042684128705193;2.4809968379300273e-05;-4.206500483810488e-06;-0.002339454380958595;0.0002153661551648874
91.9092258;0.05211160000000348;0.3130690402078469;0.3042684128705193;0.0005415769916794458;-0.0003751950552855309;-0.0019310096823804735;0.00019131591665815954
92.0053575;0.050886199999993664;0.3130690402078469;0.3042684128705193;0.0002482647171381763;-0.00016409466035892568;-0.000996154374969149;0.0007547068896045477
92.1002133;0.0522178000000082;0.3128158383568058;0.3042684128705193;4.192009173415516e-05;-1.6534021540354693e-05;-0.0011611751838289156;0.0007478457554155142
92.2166767;0.05428179999999827;0.31262661426577626;0.3042684128705193;0.00012752790735410987;0.00017387480185543133;-0.0016341298720379631;0.0005622576471172977
92.3101565;0.05136040000000719;0.3128158383568058;0.3042684128705193;-0.00020060433843801772;0.00010225157811755674;-0.0012250966346245696;0.00045389883049375715
92.4014911;0.04749460000000738;0.31262661426577626;0.3042684128705193;-0.00010376624639207911;0.00031581533107507306;-0.0014369847415891584;0.0006432988620473224
92.5019702;0.0521461999999957;0.31199134658751965;0.3042684128705193;-0.00051228358219028;0.000321771697240049;-0.000690410189399924;0.0008426235345169401
92.618693;0.051562300000000505;0.31199134658751965;0.3042684128705193;-0.0007467647129310794;0.00035293797781742273;-0.0012027972018744404;0.0006851274316834789
92.7152668;0.054815900000008355;0.31199134658751965;0.3042684128705193;-0.0005270662542832224;0.00034879213415938543;-0.0014613686845471531;0.0008389353605771527
92.8104749;0.052985400000011396;0.31199134658751965;0.3042684128705193;-0.0005270662542832224;0.00034879213415938543;-0.0016183486282851096;0.0008304448519805479
92.9129102;0.061953700000003664;0.31262661426577626;0.306068817680404;-0.00012650523182309388;0.0003429517746149664;-0.001904628550232833;0.0009274252694302023
93.0172178;0.05384379999999567;0.3128158383568058;-1;-1.469317320553673e-05;-1.4868110792750273e-05;-0.0008291458271117727;0.0006059674623347175
93.1128901;0.05445079999999791;0.3128158383568058;-1;-0.00010030098882549142;-0.00020527693418853627;-0.0007420962424900056;0.00041511680836694943
93.2009137;0.04683119999999974;0.3118962398012291;-1;-0.0006428984499154097;0.0003643426049608925;0.001234218897734802;0.0006242566913627204
93.3124665;0.04938700000001006;0.3117933073966413;-1;-0.000634669944415227;-0.0001935058580404952;0.0014776935336965754;0.000964348579027771
93.414165;0.05076519999998652;0.31160075232711604;-1;-0.00021647111149250862;-0.0001737343609711409;0.0029975225993951063;0.001305798181063398
93.5058534;0.04767800000000477;0.3118757864210843;-1;1.997815638295223e-05;-0.0002052155709194124;0.0023480053070434816;0.0013228075372917973
93.6024227;0.048102200000002426;0.3120652432285803;-1;7.883783949286654e-06;-0.00023111480035139883;0.002965204253536673;0.001415386101381309
93.7152868;0.05049499999999796;0.31160075232711604;-1;-0.00018086771227810976;-0.00018229176348935264;0.0026251506993369643;0.0011919028542785118
93.8143786;0.052877799999990316;0.31252166109301155;-1;-0.00028696794406769555;-0.0002877325813315468;0.0024404697121225647;0.0012224541257558794
93.9117676;0.053460900000004585;0.31252166109301155;-1;-0.00019243537728123167;-7.74733347424012e-05;0.002425685635578044;0.0011380835549697564
94.0109543;0.05588029999999833;0.31252166109301155;-1;-0.00019243537728123167;-7.747333474240116e-05;0.0013723454840246097;0.0013223540095666803
94.1113903;0.047246700000002306;0.31252166109301155;-1;0.00045436192526953273;-0.00041533168401791806;0.0014289150206377916;0.0014462574463459132
94.2119991;0.05068669999999997;0.31252166109301155;-1;0.00033974568700945895;-9.411071667049472e-05;-0.0008886739570488926;0.0013615870366040978
94.3126979;0.0537584999999865;0.31252166109301155;-1;0.00033006418988494146;-0.00011983857990482498;-0.0006470193720717396;0.0011658365447355453
94.4097755;0.054406200000002514;0.31252166109301155;-1;9.361492200948053e-05;-8.835736995655349e-05;-0.0019538189762970393;0.0007278692001575925
94.5167825;0.052850100000000566;0.31252166109301155;-1;0.00010570929444314613;-6.245814052456706e-05;-0.0018942903648710575;0.0007396243561306092
94.6074986;0.046197399999996946;0.31252166109301155;-1;0.00029446079067054257;-0.00011128117738661325;-0.0016183450424922675;0.0006721589440226841
94.70936;0.05203769999999963;0.31252166109301155;-1;0.0;0.0;-0.0019068103970849397;0.0006047554012775359
94.8028661;0.04928780000000188;0.31252166109301155;-1;0.0;0.0;-0.00171547881146472;0.0007117411686771458
94.9155185;0.050601700000001415;0.3117933073966413;-1;-0.00026671226048489717;7.497205709007217e-05;-0.0017611105965150008;0.0005458937245468233
95.0172672;0.05530910000000233;0.31277668854866636;-1;0.00023956098528870587;-0.00015547175487195007;-0.0020362687387981025;0.0004784457652417068
95.1092235;0.05127489999999568;0.31314531154752023;-1;0.00024303647417966837;-4.263354223833073e-06;-0.00236704155827769;0.0002821367042097073
95.2217627;0.05201850000000263;0.31314531154752023;-1;0.00024303647417966837;-4.263354223833073e-06;-0.0018445332147697588;0.0002466782780341131
95.3121641;0.04701459999999713;0.31314531154752023;-1;0.00024303647417966837;-4.263354223833073e-06;-0.0021443766884936205;0.0001877123161841321
95.4107579;0.04878409999999178;0.31252166109301155;-1;3.227502300252081e-05;-3.5244127270945204e-07;-0.0019636373241978334;-0.000156390371267997
95.505144;0.04746030000001156;0.31240504452513385;-1;0.0011397644731369915;-0.001908904410173248;-0.0007256094177903228;-0.002344841645348745
95.6192538;0.04897929999999917;0.3137405026766367;-1;0.0031300858019518273;-0.0069787978463227785;0.0002821820890294223;-0.006885616082549312
95.7112933;0.04686870000000454;0.3111390638789746;-1;0.002014915091550075;-0.010592596536658252;-0.000266600716059189;-0.007360009641870608
95.8046083;0.0418420000000026;0.31574933216261897;-1;-0.0026349300051617445;-0.013494830483844394;-0.0031068763278586453;-0.006498281793012725
95.9056579;0.04664449999999931;0.3236613410773081;-1;-0.009510845571708431;-0.014518939255159806;-0.04747355924332673;0.005714083482875544
96.0351016;0.059051299999993034;0.3096551924951672;-1;-0.012158675811698043;-0.0044954144916782394;-0.04167878874499137;0.009479771446036404
96.1088585;0.036847300000005134;0.3096551924951672;-1;-0.012158675811698043;-0.0044954144916782394;-0.013725502461266487;0.027826037509915358
96.2095844;0.042251800000002504;0.3177634004752264;-1;0.025092741551496364;0.035798435902589736;-0.013725502461266487;0.027826037509915358
96.3012394;0.039660499999996546;0.31780186145438627;-1;0.01760331601418343;0.038662624589226036;-0.015742169612439117;0.029729838588007568
96.4126597;0.040043600000004176;0.2978481172963954;-1;0.009526655015443343;0.05414000828281825;0.004970494119710037;0.03350814117704031
96.5057693;0.03768399999999872;0.3135917832352083;-1;0.020371085219396748;0.0713626263879264;0.007723381237866993;0.04798499672104954
96.6042131;0.03924750000000188;0.3180507738885638;-1;0.015570733622553214;0.0846837205483904;0.007339094672374475;0.05786234034007026
96.7322625;0.05484769999999628;0.2989820017800487;-1;0.007643345020668623;0.09773395993698057;0.009347307508525924;0.07283819627231587
96.8125097;0.03987250000000131;0.30425978257536573;-1;0.018177176243124624;0.1273695461764122;-0.010033952285430558;0.08942948957468619
96.9012824;0.03601960000000304;0.31148490684485086;-1;0.02328561858510054;0.1490255011107068;-0.00360259650807351;0.016533457507394288
97.0025056;0.038859500000000935;0.3185991814898264;-1;0.02292808659917323;0.15696639093552742;0.06406291417136856;0.027229258743168165
97.1131223;0.03761030000001142;0.3185991814898264;-1;0.02292808659917323;0.15696639093552742;0.0275562481206806;0.00923748129908444
97.2095399;0.03548209999999585;0.3185991814898264;-1;0.02292808659917323;0.15696639093552742;-0.026753864402891896;-0.03488005568846051
97.3086678;0.03637109999999666;0.3185991814898264;-1;0.02292808659917323;0.15696639093552742;-0.026753864402891896;-0.03488005568846051
97.396636;0.031007799999997587;0.3185991814898264;-1;0.02292808659917323;0.15696639093552742;-0.026753864402891896;-0.03488005568846051
97.5055166;0.02956729999999652;0.3185991814898264;-1;0.02292808659917323;0.15696639093552742;-0.026753864402891896;-0.03488005568846051
97.6071905;0.032949299999998516;0.3185991814898264;-1;0.02292808659917323;0.15696639093552742;-0.026753864402891896;-0.03488005568846051
97.7072649;0.03735349999999471;0.3185991814898264;-1;0.02292808659917323;0.15696639093552742;0.036731371807025764;-0.03562352459315883
97.8024985;0.03569619999998963;0.3185991814898264;-1;0.02292808659917323;0.15696639093552742;0.2997992197008596;-0.00951834204378349
97.9187277;0.03931849999999315;0.3185991814898264;-1;0.02292808659917323;0.15696639093552742;0.4326348552631328;0.005051452574006893
98.0140448;0.03953339999999628;0.3185991814898264;-1;0.02292808659917323;0.15696639093552742;0.4326348552631328;0.005051452574006893
98.0977888;0.031828499999988935;0.3185991814898264;-1;0.02292808659917323;0.15696639093552742;0.4326348552631328;0.005051452574006893
98.2136356;0.032470099999997615;0.3185991814898264;-1;0.02292808659917323;0.15696639093552742;0.4326348552631328;0.005051452574006893
98.3112684;0.033630400000006944;0.3185991814898264;-1;0.02292808659917323;0.15696639093552742;0.4326348552631328;0.005051452574006893
98.4079763;0.03344910000001278;0.3185991814898264;-1;0.02292808659917323;0.15696639093552742;0.4326348552631328;0.005051452574006893
98.5096827;0.036907499999998095;0.3185991814898264;-1;0.02292808659917323;0.15696639093552742;0.4326348552631328;0.005051452574006893
98.6293767;0.04056210000000249;0.3185991814898264;-1;0.02292808659917323;0.15696639093552742;0.4326348552631328;0.005051452574006893
98.719517;0.03539010000000076;0.3185991814898264;-1;0.02292808659917323;0.15696639093552742;0.4326348552631328;0.005051452574006893
98.807129;0.033865500000004545;0.3185991814898264;-1;0.02292808659917323;0.15696639093552742;0.4326348552631328;0.005051452574006893
98.9016192;0.03294230000000198;0.3185991814898264;-1;0.02292808659917323;0.15696639093552742;0.4326348552631328;0.005051452574006893
99.0233245;0.04316049999999905;0.3185991814898264;-1;0.02292808659917323;0.15696639093552742;0.4292714343327583;-0.00529596870647154
99.1202534;0.03808459999999059;0.3185991814898264;-1;0.02292808659917323;0.15696639093552742;0.4292714343327583;-0.00529596870647154
99.2349522;0.05191739999999356;0.3185991814898264;-1;0.02292808659917323;0.15696639093552742;0.4292714343327583;-0.00529596870647154
99.3118335;0.03880399999999895;0.3185991814898264;-1;0.02292808659917323;0.15696639093552742;0.4292714343327583;-0.00529596870647154
99.4268693;0.043410499999993135;0.3185991814898264;-1;0.02292808659917323;0.15696639093552742;0.4292714343327583;-0.00529596870647154
99.5195632;0.035618600000006495;0.3185991814898264;-1;0.02292808659917323;0.15696639093552742;0.4292714343327583;-0.00529596870647154
99.6106794;0.03425919999999394;0.3185991814898264;-1;0.02292808659917323;0.15696639093552742;0.4292714343327583;-0.00529596870647154
99.7086356;0.035647999999994795;0.3185991814898264;-1;0.02292808659917323;0.15696639093552742;0.4292714343327583;-0.00529596870647154
99.8188431;0.0365908999999931;0.3185991814898264;-1;0.02292808659917323;0.15696639093552742;0.4292714343327583;-0.00529596870647154
99.9150034;0.03578140000000474;0.3185991814898264;-1;0.02292808659917323;0.15696639093552742;0.4292714343327583;-0.00529596870647154
100.0222708;0.04119279999999037;0.3185991814898264;-1;0.02292808659917323;0.15696639093552742;0.4292714343327583;-0.00529596870647154
100.1259434;0.03576630000000591;0.3185991814898264;-1;0.02292808659917323;0.15696639093552742;0.4292714343327583;-0.00529596870647154
100.2202808;0.03668759999999338;0.3185991814898264;-1;0.02292808659917323;0.15696639093552742;0.4292714343327583;-0.00529596870647154
100.3113068;0.032668400000005704;0.3185991814898264;-1;0.02292808659917323;0.15696639093552742;0.4292714343327583;-0.00529596870647154
100.4205674;0.04465520000000822;0.3185991814898264;-1;0.02292808659917323;0.15696639093552742;0.4292714343327583;-0.00529596870647154
100.5306381;0.046389500000003636;0.3185991814898264;-1;0.02292808659917323;0.15696639093552742;0.42604333540958245;-0.015439042004010061
100.6214293;0.037340099999994436;0.3185991814898264;-1;0.02292808659917323;0.15696639093552742;0.42604333540958245;-0.015439042004010061
100.7202584;0.036858600000002184;0.36888968963087776;-1;nan;nan;0.42604333540958245;-0.015439042004010061
100.8174511;0.04355329999999924;0.3641809569131238;-1;nan;nan;0.4791762800121487;-0.022703923048793383
100.9357004;0.04653710000000899;0.36119326698722737;-1;nan;nan;0.4706624564313803;0.045752380343651276
101.0231439;0.0393963999999869;0.35582666539464;-1;-0.313717692243022;-0.23519297475722808;0.4570763845564988;0.03581334199668097
101.1227841;0.042861800000011385;0.35939416453336454;-1;-0.24198894066103022;-0.15670386775279713;0.4754307794935554;0.04950447742178422
101.2177878;0.04292010000000346;0.34988270460230614;-1;-0.19360596853776724;-0.11277481975657684;0.48095281657688743;0.06805783733179951
101.3336393;0.04496229999999457;0.34934395153682374;-1;-0.16546158074191455;-0.09769943209034768;0.4179738401601836;0.06639930085365225
101.4318537;0.048662100000001374;0.3569241309000021;-1;-0.13733179734983825;-0.08659921401614701;0.14318512394999677;0.03546829986434247
101.5258259;0.04520449999999698;0.34344326899568967;-1;-0.11972004616381968;-0.06271213913843401;0.0072689829399502845;0.014903217291082354
101.6340999;0.0438984999999974;0.3440840230226636;-1;0.02256761146457961;0.06030349028825407;0.011438072617941265;0.02704268060028066
101.7258519;0.04424910000000182;0.3433041882510298;-1;0.015739094991803412;0.06338268818076873;0.018410612022111045;0.03686862636965477
101.8230077;0.041128500000013446;0.34419752673168513;-1;0.014149777787892205;0.07507723660747866;-0.01829647845909971;0.03563499614036252
101.9224754;0.04334760000000415;0.33932654739561124;-1;0.008027457448028396;0.07560123890395648;-0.031731112793649395;0.041097184024840853
102.032628;0.04130630000000224;0.34207232794358927;-1;-0.011086187720153792;0.05854719910628749;-0.05148399579155945;0.029674534990772373
102.1479632;0.059496299999992175;0.33797452840848735;-1;-0.01718786981628006;0.04359023921610197;-0.02234746602272076;0.030499760409047182
102.2475842;0.056146599999991054;0.3373698532399605;-1;-0.02180983619198273;0.050312315361060816;-0.005205067426018001;0.04252351772768595
102.3358972;0.04922430000000588;0.3356102967756072;-1;-0.02292995501647915;0.04916053245841019;-0.016696763896381955;0.042753078037412885
102.4406216;0.04567539999999326;0.3437711059613227;-1;-0.02109703167122973;0.030699347941716963;-0.008329901335943843;0.04214371428161296
102.5361048;0.046254999999987945;0.33860186434180967;-1;-0.012566913516096408;0.03571399014531846;-0.0063896037536145716;0.044602502338622965
102.6284152;0.04516900000000135;0.3486706195465079;-1;-0.011325714899802901;0.03601190035176459;-0.015662719243588977;0.04169899401197674
102.7239044;0.04458980000001134;0.3365551276992462;-1;-0.006384685623680648;0.037555358059617794;-0.03712595987805547;0.04700835293577364
102.8415679;0.04917139999999165;0.3439155444038969;-1;-0.007533428890363494;0.03298026544502927;-0.036306681922813486;0.04190694579876515
102.9304948;0.04736890000000926;0.34032924777020856;0.3567284840550916;0.017629100583503622;0.01888833893045114;-0.012401409220957439;0.026278023205999358
103.0330563;0.05070379999999375;0.3391852094910637;0.3471518804562972;0.03231617207043605;0.013463886607682373;0.027147577991585643;0.02063509805761889
103.1461513;0.06330060000000515;0.343701214530706;0.3471518804562972;0.04821498546827643;0.014320571214777693;0.053178022455151706;0.026457303930272243
103.2579392;0.05543340000001251;0.34766068988321935;0.3471518804562972;0.030923883196824972;0.01367330170688035;0.031921793129044106;0.019302073044507897
103.3677576;0.06052589999998759;0.3422287974864546;0.3471518804562972;0.027670209543203574;0.016203159051760913;0.02366376158117884;0.011780639811242192
103.5133822;0.09371579999999824;0.3452926341492954;0.3471518804562972;0.03177841291896136;0.0030641734555232783;0.01370831559289635;0.012299570824141683
103.6631889;0.09112949999999387;0.34387888600497035;0.3471518804562972;0.029022884806217605;-0.0063758918540566135;0.012028078936898725;0.003019288808065024
103.7821692;0.06436320000000251;0.3426919857884756;0.34483753458658856;0.030254534753375306;-0.018316452470214753;0.018143001965018956;-0.004754040407654927
103.9193981;0.08208830000000944;0.3431155370471933;0.34030019860518607;0.04377616336391267;-0.01718707671128753;0.04727871720486028;-0.01947368930908368
104.0494279;0.07139439999998842;0.33954936304724287;0.34030019860518607;0.030240615252827514;-0.0024767511243721767;0.04557432177754585;-0.020087285453865796
104.1782294;0.06897610000000043;0.34144077155869845;0.34030019860518607;0.01615372520195239;0.010914980872292297;0.039738548472451916;-0.0012663239028885998
104.3165909;0.07461840000000564;0.3357156717425797;0.338076014300577;0.003931975187386447;0.011136212525467948;0.008397349076147887;0.008253195754705284
104.4341208;0.06783829999999114;0.33070963408476145;0.34255384230455815;0.0135973103341346;0.024047823948147307;-0.036065684066129214;0.012070666302327056
104.5698812;0.07371139999999343;0.3338377630508726;0.3471518804562972;0.01010270404915344;0.035054178734957905;-0.015511278399870366;0.02247676620691863
104.7091543;0.07920070000000123;0.33576296956398566;0.3471518804562972;0.0028126981712121753;0.03398003089350665;0.005553091977675354;0.02845811254941378
104.8556042;0.09107480000000123;0.3390829894945838;0.3471518804562972;0.005350955031772715;0.028604720298714352;0.0014103129944560836;0.02496011358067133
105.0320817;0.11345940000001065;0.3386385265385391;0.3471518804562972;0.001774565685038314;0.030649256376500296;0.0016233955810428917;0.02565937438754521
105.1893269;0.0958375000000018;0.3411651573902988;0.3471518804562972;-0.006524264453396818;0.02299296561583042;0.002539848933494084;0.021625227887718736
105.331548;0.08540539999999908;0.33994483316225055;0.3471518804562972;-0.0043942033407470635;0.02188929647527465;-0.011786992378004988;0.02140137469158509
105.4852652;0.10007569999999077;0.34153229327165224;0.3471518804562972;-0.005091348497848617;0.014504509530414973;-0.007463526103770929;0.01717983099058603
105.6425803;0.09810899999999378;0.3417230914136628;0.3471518804562972;-0.004550970360853167;0.007100202582747021;-0.007088692185945889;0.011436227285420722
105.8081514;0.109482799999995;0.34201594498707233;0.3471518804562972;-0.002671693079118374;-0.0028552385407870145;-0.0050898873795806555;0.005902245305231894
105.9761608;0.10633610000000715;0.34118076578650314;0.34483753458658856;-1.6398357613697354e-05;-0.013940973070784195;-0.003512494371550774;-0.005887826859002318
106.1688976;0.12166139999999359;0.3410177599620156;0.34255384230455815;0.00017696327663700972;-0.013573608201148182;0.000702373520052674;-0.015469379746558085
106.3252919;0.10169179999999756;0.3398422830824965;0.34483753458658856;-0.0018621177331307045;-0.010027818241088605;0.001297659584718508;-0.014181190452148667
106.4977934;0.11063149999999666;0.33896825739508984;0.34255384230455815;-0.001397750799255552;-0.015641869578169314;-0.0004762824166952945;-0.01256878707636071
106.6352173;0.07923759999999902;0.33834064729847485;0.338076014300577;0.0010366070980497182;-0.011286050931201823;-0.0010313204547160646;-0.016152749076512006
106.7902809;0.09719100000000935;0.33611947426464145;0.338076014300577;0.00174143763577454;-0.011996703856783477;-0.0006166792190404759;-0.011868666984001434
106.9527603;0.1032476000000031;0.33585271870948175;0.338076014300577;0.0015494681620006221;-0.00966390122865531;-0.0017653599698363317;-0.012668499767444049
107.1082747;0.10022890000000473;0.3354259366464375;0.338076014300577;0.0016019848049666971;-0.010711359144681291;-0.0007915076043319265;-0.011476715046012288
107.2641706;0.097184299999995;0.3363303960558572;0.3358807155064174;0.0019180713283076666;-0.011952915767808967;-0.00036538268091669345;-0.012055753442528256
107.4164466;0.09604260000000409;0.33623133638760844;0.338076014300577;0.002426660784644197;-0.011407832739660414;0.00027698563939625544;-0.013040814900984746
107.5645669;0.09414329999999893;0.3378524161613928;0.3358807155064174;0.0040233865507337;-0.008604584129745801;0.002165707989705141;-0.01045051669719542
107.7127542;0.09290719999999908;0.337125217254173;0.3358807155064174;0.004039695727933374;-0.009034218502208742;0.002937412779305886;-0.009481594262656302
107.8682315;0.10149370000000602;0.336405591032735;0.3358807155064174;0.002053567961975696;-0.006539108587651946;0.0017572318579980068;-0.01003988954827297
108.0109188;0.08712769999999637;0.33811642624702004;0.3358807155064174;-0.0005839271313668189;-0.004435185817967586;-0.0005239542392402876;-0.006402578305428936
108.1575388;0.0982716000000039;0.3359770829451197;0.338076014300577;-0.0012935496034966857;-0.005395452820565459;-0.002681468833439273;-0.0064030982372256465
108.3167919;0.10240489999999625;0.3363568859998544;0.3358807155064174;4.3998915516120334e-05;-0.004967011948369255;-0.002068741189605505;-0.005540863979911703
108.4758815;0.10186120000000187;0.33635804306540934;0.3358807155064174;-0.00022419789242133278;-0.0035200368678270397;-0.0012890578836769321;-0.005132722110423221
108.6505595;0.11889399999999739;0.33573516921030205;0.3358807155064174;-0.0009994013662989584;-0.0024793726282807804;-0.0015065472984232618;-0.00411788658730154
108.7841452;0.08069460000000106;0.33558478665639696;0.3337137431483115;-0.0021811434632258903;-0.0013757088619656874;-0.0019336708294222442;-0.0033167004482033947
108.9272369;0.08898790000000645;0.3323702495943018;0.3337137431483115;-0.005464085896968899;-0.003972684830389131;-0.004690349650168113;-0.003307991174745231
109.0833587;0.09560229999999592;0.3296333614155069;0.3315745524871044;-0.007864212267037601;-0.001292024953480189;-0.008449373382461947;-0.0020389784546266058
109.2460379;0.10924709999999038;0.3277617076333345;0.3294626126623457;-0.007936489120531841;0.0003021598755009065;-0.009711977392321727;-0.0005445758715559208
109.4028735;0.0986563000000018;0.32317061044574036;0.3232851886749267;-0.005438051602279338;-0.0011151833486711634;-0.008346992190078464;-9.470311489256496e-05
109.5679058;0.10407299999999964;0.3201965415746873;0.3212772061365732;-0.0048554390180410335;0.0004180540194347044;-0.007026795387974652;-0.0010102251646180757
109.7224072;0.09574369999999988;0.3130838772947729;0.31348866780598955;-0.0031501451132553795;0.0029302099264059173;-0.003331780564753868;0.002782634151696735
109.8783658;0.09631850000000952;0.30696784173202923;0.3078906558808826;-0.0034465495879471;0.000975690570500589;-0.00400339418453261;0.000720158790265437
110.0263768;0.0983982999999995;0.30271301845160464;0.3007304080696993;-0.004169018891951359;0.0009203892279864444;-0.0052753711645240784;0.0004233295371850488
110.177406;0.09106350000000418;0.2918471114953128;0.29059342802240606;-0.000852809141967881;-0.0009763343601635903;-0.0032857110029523573;-0.000966113881350854
110.3300641;0.09471349999999745;0.2868392184930401;0.28897000105021386;0.00302373224937544;0.0011738421261186455;-0.0015539663783455935;-8.441631486437433e-05
110.4944357;0.1052276000000063;0.2780483813545212;0.2780947859569262;0.005123131985093099;-0.004374163379138738;0.0008737708238530543;-0.0021207369100860575
110.651465;0.09934630000000766;0.27362569065982467;0.2708148177381585;0.005214122732276515;-0.006849145836183748;0.002159852547764297;-0.0057887154679482165
110.7989821;0.0918709999999976;0.2647726895924983;0.2625666507004481;0.002177387170165676;-0.0075174932670551324;0.0009785204286343393;-0.007839514142903159
110.9437765;0.0880190999999968;0.2594995217193893;0.2586281509399414;0.001558206612822802;-0.009852932782528094;-6.963897465338065e-05;-0.00976208158544822
111.102036;0.09480369999999994;0.2505433119980855;0.24868091436532827;0.0007522483444435024;-0.011364959192999936;0.0005846556436200931;-0.008215315524746265
111.2474525;0.08963540000000592;0.24689137640673248;0.2474910535310444;0.0017605371185454239;-0.007378412823094111;-0.00041820830214769694;-0.008815935459368042
111.3984238;0.09329569999999876;0.24150635032161266;0.23947051012957538;0.00398172108597483;-0.006802937027713615;0.0009492480151204555;-0.00662196438966203
111.5484614;0.09457749999999976;0.23664877691260047;0.23836695939165106;-0.0003192770319594672;-0.005409594546462448;0.00019232666559236764;-0.006940424418843763
111.7032673;0.09389120000000162;0.23116326265335957;0.22989168972439236;6.158051703591112e-05;-0.008864587134211057;-0.00021463407941287748;-0.007471714357083721
111.8499016;0.0954486999999915;0.22531093846163816;0.22489404429560123;-6.26732708550822e-05;-0.006213910090484762;-0.00212360484432347;-0.00914406895698567
111.9946751;0.08744269999999688;0.21896327205916508;0.2182516041687269;0.000878017667715288;-0.006520680068478692;-0.0013611532159231853;-0.0077348199863276875
112.1558144;0.10415080000001353;0.2139595260877487;0.21286267567073366;0.002582195687046646;-0.00508453545354163;-0.0012583630445550994;-0.006206891335128837
112.3029456;0.08525559999999643;0.2041219828790611;0.20205324292182922;0.0013033627960732253;-0.004844778298475169;-0.0005331120104639691;-0.007530868176756892
112.438934;0.07458470000000261;0.1996424897973859;0.1974260694198026;-0.002629479507154342;-0.008309965119043729;-0.00020195830941154803;-0.0069391322729915215
112.5990765;0.0982781000000017;0.19298477355516866;0.1915764081036603;-0.0017973309248223975;-0.012332554408171643;0.007743916811533231;-0.009483287340837402
112.7648426;0.1046783999999974;0.18995288955861694;0.1894711728497739;-0.0030966835509472876;-0.012143362388770937;0.006866603327230228;-0.010545249263093798
112.916832;0.09234750000000247;0.1851238310369977;0.18473439352852958;-0.0007516938511554454;-0.010344654858914969;0.00530358758212633;-0.00994925217536604
113.0747094;0.09492050000000063;0.18389371860920845;0.18473439352852958;-0.0021241751006277976;-0.006336521117779901;0.008380206812050126;-0.008411038122407047
113.2260838;0.09577910000000145;0.17995376583025832;0.17960288259718152;-0.0013795936327715903;-0.00416328225975939;0.00508299433587806;-0.00471009279740386
113.3611516;0.07749189999999828;0.17790643037930662;0.17898141933559958;-0.001333706459420255;-0.0006197393414581141;0.008806068255919945;-0.003244740180905436
113.4917114;0.07649390000000267;0.17882523800233563;0.17960288259718152;-0.0010616764129071049;0.0005820248613359222;0.007953165428405106;-0.0001007372620661126
113.6203356;0.08214800000000366;0.17882548157809305;0.17960288259718152;0.0006178627474666871;0.0038072870107581014;0.009539596061540902;0.000502075066455635
113.7542059;0.08105549999999084;0.1806166462687908;0.18213250066193057;0.004150059558575083;0.006235514637797315;0.012404963478075806;0.003995921591843309
113.8855106;0.07833980000000906;0.1815912947808021;0.18277607840278545;0.0022663237052789756;0.00901701040104652;0.011239839205884696;0.006537627580437968
114.0180931;0.08159449999999424;0.1823702539654045;0.18342422052478113;0.0024208184832453026;0.009438381637934699;0.002157121384451147;0.008765311513304808
114.1631523;0.09138760000000445;0.18541344364241846;0.18673512703244866;0.0017156096930195431;0.010017430353128073;0.002843340533925283;0.009738612071017946
114.2971985;0.08328649999999982;0.18701499978087666;0.18877967221893532;0.0015683320987182807;0.009075235718982033;0.004117852599578727;0.009216390297965966
114.4266056;0.07981060000000184;0.18855841141901297;0.1915764081036603;0.000588140677171459;0.008714469863790661;0.003130289856214695;0.008982331223650677
114.5503035;0.07463309999999979;0.19317779096417156;0.19519105731316333;0.002070005809035189;0.010871664575210558;0.004682251507849905;0.010855276249205695
114.6832099;0.08192179999998928;0.19641885846617466;0.19818249114171754;0.0032460754146740505;0.009523863982817323;0.0025261490999238315;0.010499192027278798
114.8178787;0.08316809999999464;0.19893543797555766;0.20048693871313286;0.004425128730824066;0.008664559216615691;0.003453663549036142;0.009174309015122149
114.9467677;0.07860250000000235;0.2060744374669288;0.20857108946769468;0.0047263969555207085;0.012354628103261002;0.003943852800798143;0.012123296903569936
115.0826183;0.08436619999999095;0.20929763843921972;0.21286267567073366;0.005688530840186464;0.012698290612538321;0.0027578645692483924;0.012448357245752915
115.213548;0.08720490000000325;0.21351631035799903;0.2137422735040838;0.007371632663784598;0.011513215720882666;0.005583016487475138;0.011714503285324005
115.3507501;0.0862253000000095;0.2208538786550486;0.22199841282398403;0.00801821207763895;0.010237649812948153;0.006634632203473908;0.011144484113584575
115.4821669;0.08126759999998967;0.2239426776929185;0.22587611435802743;0.006459228747155276;0.01047676552691124;0.005876241694456522;0.009952632299275833
115.5868705;0.06116899999999248;0.22727988574322464;0.22989168972439236;0.00621264224014848;0.012408805983150995;0.004799313028902234;0.012093268737998483
115.6942155;0.06483180000000743;0.23445046453896015;0.2372735329724233;0.0027007927663933533;0.011048917126334889;0.00327929014835381;0.013429195176960307
115.8027701;0.06777050000000884;0.23812602412683903;0.24170855228031907;0.0006281861043563036;0.010022249804841763;0.00275985881386098;0.008965855779772842
115.9145328;0.06951029999999037;0.24121075394098498;0.2498822714395569;-0.001647471427222409;0.010046182616672738;0.0004751950327275559;0.008920036779891604
116.0243992;0.06256679999999903;0.24293146359959178;0.24868091436532827;-0.0034787178873015826;0.008005230083640664;-0.0027404234583143366;0.010536104203712123
116.1503233;0.08094730000000538;0.246970591624435;0.2523201472584794;-0.0049831145688571275;0.008947330765015811;-0.003202968734706179;0.008907723447547903
116.2763115;0.08281829999999957;0.25040682926362057;0.25480606003935113;-0.0060573997528367805;0.009993765108629836;-0.0031399165406610966;0.008505448903176237
116.3885823;0.06767779999999846;0.25193147499323965;0.2586281509399414;-0.006454502527027752;0.010830881556711853;-0.0031700510829911085;0.00943571474360202
116.4976011;0.06741200000000447;0.25973364326661086;0.2652596419896835;-0.0053541139022632855;0.014834430956288204;-0.0033819760065100313;0.013188813137523564
116.5974787;0.066175599999994;0.26198028884251773;0.2694043238957723;-0.005355604726257642;0.011626876420990738;-0.0032918603186296394;0.0124362078321739
116.7043414;0.06731190000000709;0.26441179805721193;0.2708148177381585;-0.0048029606393046416;0.010039615315429736;-0.004092865646235138;0.010617796906386475
116.8093343;0.06636939999999925;0.26628974535326544;0.273680583005229;-0.0046589220804194535;0.010884837577305038;-0.0034659218532390353;0.008449512213258924
116.9075334;0.06132610000000227;0.2693608690996578;0.2766076480641084;-0.00305377271958227;0.013649302391520965;-0.001903440056373373;0.011767143999126395
117.0160019;0.07039900000000898;0.2726057077411583;0.27959800101615284;-0.0024744333511315967;0.012731663665254155;-0.000605275379863288;0.012681105670766074
117.1210958;0.06730429999998933;0.2750824407865905;0.2826537168742529;-0.0002085159081201437;0.011254426595587615;0.0025921730157646193;0.01150213652136248
117.2222499;0.06197390000001235;0.27906551955138864;0.2857769623645761;5.951640077137452e-05;0.012281406387244077;0.0027947097880902964;0.011213550295287334
117.3246512;0.06581449999998767;0.28183717346347215;0.28897000105021386;0.0002863810757306406;0.013404777507543458;0.0028471127615755445;0.012409556438773738
117.4303552;0.06877839999999935;0.28495307796574654;0.29059342802240606;0.0009471139218598564;0.008486283910984568;0.002384214662515442;0.011096225408034139
117.5352565;0.06603020000000015;0.28800736002957156;0.2938956260681152;0.001860952322979087;0.0092786729302863;0.0025076570225799535;0.007035498203222639
117.639339;0.06554219999999589;0.29209436157577284;0.29899208201149297;0.002801200427229646;0.009832322342533832;0.0027333977996605355;0.008299578019433785
117.7361067;0.05834229999999252;0.29429812596971644;0.30248906542683207;0.002594970768202169;0.01242817683728301;0.0026497580654128105;0.009678024804508484
117.8265425;0.05691749999999729;0.3015399147292096;0.306068817680404;0.002623145819578211;0.011788693932907183;0.005224117034999529;0.011640586958941867
117.9232689;0.06017530000001159;0.30302949342380414;0.3116001818553511;0.005668546409022487;0.013484781959179681;0.008134871804123575;0.01227584748422697
118.0296518;0.06905009999999834;0.3077644641103657;0.3154001840730993;0.006066985353252338;0.013582165431391308;0.009809463920502805;0.01193397704589204
118.1310848;0.06486170000000868;0.31171461291433117;0.31733515452753547;0.007592691082438045;0.011751194149651955;0.010677714501068827;0.011563294804431024
118.2390822;0.0720289000000065;0.31541205071671674;0.3232851886749267;0.00666932301126469;0.009071146121493135;0.0092416608199527;0.00977729265217794
118.3450473;0.06807369999999935;0.3189277598437612;0.3253184288552722;0.005974317955721395;0.008579984991683366;0.009197494702906192;0.006884846264930243
118.4530083;0.07311850000000675;0.32104795938179437;0.3315745524871044;0.004071482085596017;0.00899047998289215;0.00657109620069643;0.008035686092380836
118.5502678;0.06098629999999616;0.3256284039098927;0.3337137431483115;0.0028857336876226447;0.009549298223892876;0.004881277794917911;0.009291472449340702
118.6500125;0.06319669999999178;0.3291872519475347;0.338076014300577;0.002326022638143919;0.008941574827134514;0.003844655142094081;0.009668885598954598
118.7420195;0.05711619999999584;0.33309818899864735;0.34255384230455815;-0.000295793422683328;0.009929874377012904;0.00343755694515441;0.010398818011879205
118.8453015;0.06871499999999742;0.3359072747062755;0.3471518804562972;-0.00486985277733492;0.007810948069095021;0.00040088887977438243;0.008896385264870865
118.9480895;0.0667670000000129;0.34061252926353325;0.3518750352924373;-0.006978518388436897;0.007916240992907712;-0.00346742411162144;0.006481069198135844
119.04307;0.0628451000000041;0.34322521817563917;0.3518750352924373;-0.010016099925503326;0.009530344397801045;-0.0061311998407481225;0.007517361672690041
119.1356741;0.05819169999999474;0.34563705813004547;0.36171769362229567;-0.011307537316804268;0.012023505450535031;-0.009659863911640493;0.009408510160366928
119.2357742;0.06459440000000427;0.34947454198128636;0.36171769362229567;-0.012135682083842178;0.013562640003772842;-0.009564718760440644;0.010150619034952603
119.3410146;0.06543460000000323;0.3522490421298958;0.36684844104956227;-0.010212158163891278;0.013048010697273335;-0.009502013941807497;0.010871450339600153
119.4599081;0.08240370000000041;0.354781612049284;0.36684844104956227;-0.009911428123380545;0.011440627890343273;-0.008410759967540416;0.010724219843521253
119.563156;0.06664779999999837;0.3589144651855638;0.37212683588480777;-0.006384167685289536;0.008662364654333708;-0.0051334412849157575;0.00839384682357017
119.6621412;0.06296020000000624;0.3598435002462597;0.37212683588480777;-0.003973896915973586;0.006407853635150727;-0.003801187232274217;0.008087225770894359
119.7625702;0.06422229999999729;0.3632368646759575;0.38033551608814914;-0.003984135178768446;0.010562999500497352;-0.0033223390510457402;0.009500351859932388
119.8609922;0.06335049999999853;0.36696949080481317;0.3831528162073206;-0.001591608340869225;0.008822161742467619;-4.433464558102999e-05;0.008137282486562277
119.9584318;0.061292899999997985;0.37126831483728545;0.3860121655820021;2.3177177517572783e-07;0.006804576323238343;0.0012434057235127783;0.0069550516017637485
120.0579033;0.06416910000000087;0.37497699579791716;0.3889145126916412;0.0008625919274536125;0.002819333998944141;0.0015450219967548073;0.0036239392768860736
120.1536567;0.059376799999995455;0.3788845292088454;0.39186083475748695;-0.00021982758622939643;0.0022027979706458083;0.0020104038316477273;0.0016003764050368941
120.246535;0.05938369999999793;0.3811088452746256;0.3978894629845252;-0.0016789064957994813;0.0035560636060896714;0.0010718225443888266;0.002137419506042323
120.339496;0.0582129000000009;0.38421115670858885;0.3948521388396052;-6.742736243509247e-05;0.00552852943837865;0.0007405671502610422;0.0038301347479091684
120.4334631;0.05974729999999795;0.38876156730578687;0.40410648584365844;0.00018268792044777476;0.009112428668192991;0.003919099257133992;0.005285119741483165
120.5255039;0.05547940000001006;0.3920566450232903;0.40728842667707305;0.0035385297382411842;0.007926190478083479;0.0051508753118971245;0.006473766150339848
120.6197183;0.05842280000000244;0.3938653489704727;0.40728842667707305;0.006836911462642077;0.002864306263174626;0.006605465730234952;0.004898432298848393
120.714289;0.05821259999999029;0.3979797730866001;0.41052087450784347;0.005536207932918201;0.003615196655022016;0.00857262199817102;8.083005057676487e-05
120.8072478;0.05859680000000367;0.40052303192281374;0.41380504150390623;0.004061097691697575;0.005455259808356882;0.0060478562699662845;0.0021999730219916477
120.9052704;0.062074100000003796;0.4019399080205902;0.41714217893538935;0.005672162923192871;0.007857634447680876;0.005700771469846021;0.003637171213505261
120.9983563;0.05737460000000283;0.4032910456727063;0.42053357876413233;0.006503685466846215;0.007311105972712377;0.00548991783320118;0.005026740331758408
121.0906123;0.05845610000000079;0.4028810201785634;0.41714217893538935;0.007215242814779689;0.006810488531872894;0.006358302637113013;0.005801139469369837
121.1823543;0.057260899999988624;0.40277235357172747;0.41714217893538935;0.00908819079915728;0.005542346318631277;0.00976691467680049;0.005251132991001617
121.274382;0.05485050000000058;0.40173437218702907;0.41380504150390623;0.006515400444873268;0.002461570266596486;0.00887284474443093;0.0025648253791828645
121.3827919;0.05500990000000172;0.3975558166183928;0.41052087450784347;0.0030255055294168285;0.0006014393035793197;0.006035560487622039;-0.0011050954821236081
121.4825435;0.05551340000000948;0.39322467081761175;0.41052087450784347;0.00044703525565201684;-0.00030396973523151956;0.0013261192734378134;-0.0022919718511512513
121.5801541;0.056636800000006815;0.38971095644668113;0.40410648584365844;-0.00029914121220380206;-0.001563975688358952;-0.0006438341177942673;-0.003148427096574784
121.6765243;0.05650420000000622;0.3852670097158172;0.3978894629845252;-0.0005135123363164665;-0.008023551363560191;-0.002467657553270843;-0.007138282086510811
121.787517;0.056699299999991126;0.38054450471958845;0.39186083475748695;-0.002234473454038035;-0.0126618281633283;-0.0029716347125678965;-0.01215285856915439
121.8827671;0.05540709999999649;0.3756344953432153;0.3860121655820021;-0.0020373659476265104;-0.013379382995061811;-0.005162973394552498;-0.014290043294241241
121.9848229;0.060610599999989745;0.3708520741405513;0.38033551608814914;-0.002677846398513614;-0.017983717731546063;-0.0053702569313527305;-0.017404260888282154
122.0808972;0.061162399999986405;0.3662736556792979;0.3748234071593354;-0.0044952912677185515;-0.02124201231917442;-0.005092073739620373;-0.02047006562123361
122.1890439;0.0576769999999982;0.3611159967957407;0.36946878705705916;-0.003821143868443732;-0.022657417632258054;-0.007299579387601997;-0.022999653755020683
122.2892953;0.06184590000000867;0.35769321833076845;0.36684844104956227;-0.003575093355376202;-0.021679121834532963;-0.00600222906133638;-0.02314078325430317
122.3818614;0.05803950000000668;0.35292817112262703;0.36426500132386114;-0.0034052374464323435;-0.022251977405467298;-0.007078771382062338;-0.023121498913717634
122.4891498;0.05334550000000604;0.3508088353873634;0.3567284840550916;-0.004539886788419216;-0.02678670344200905;-0.00724723535574859;-0.028323228533771554
122.5851079;0.05607409999998936;0.34457316288193407;0.3518750352924373;-0.0032244132565184985;-0.025393480580943657;-0.006187707880322994;-0.029134022755445948
122.6990255;0.0685887000000065;0.3396952334947616;0.34483753458658856;-0.0018943512510089873;-0.02299076932800243;-0.004747793784556467;-0.026193399664723987
122.8072391;0.07126920000000325;0.3344769820075791;0.34030019860518607;-0.0026758307722148395;-0.023517520097300484;-0.005148617869178729;-0.023980757674378156
122.9133452;0.06977990000000034;0.33052087696842736;0.3358807155064174;-0.0006971299212122761;-0.0207218554699841;-0.002650289434883913;-0.02362520744769879
123.003495;0.05208030000000008;0.32585647990322747;0.3315745524871044;0.0021661887507577133;-0.018206584114563815;0.0008208831031475628;-0.01862359450193856
123.1045428;0.06499599999999361;0.3190273679854485;0.3253184288552722;0.00548972218195892;-0.017636993813269396;0.0037783899976494006;-0.01744824407208117
123.1973538;0.0551345000000083;0.3129424963057281;0.3192940135061005;0.00606350077007085;-0.017338549874001193;0.004451665301609813;-0.016414360878234707
123.2926658;0.05449930000000336;0.31021860582505095;0.31348866780598955;0.008727304908267335;-0.017963696974939217;0.006747002608752552;-0.01716094020751518
123.3879915;0.05455759999999543;0.3061313355287482;0.3097343125029238;0.012304039639516656;-0.015060127226894069;0.00985846730351173;-0.01760334299944668
123.4769227;0.04774000000000456;0.3035799991745358;0.3042684128705193;0.009516729910767411;-0.014562074781498013;0.007833229582373032;-0.013840054132839738
123.5751636;0.0499530999999962;0.30145224528045816;0.3007304080696993;0.004672795647860484;-0.016867193649570164;0.003944824850307888;-0.014966750179330357
123.6956961;0.05652109999999766;0.2974123284050108;0.29727373671257634;0.005152943504754132;-0.01933186276022919;0.0022656604127227645;-0.01705806601624498
123.8041228;0.07009270000000356;0.29476274996164525;0.2955750296456473;0.003010517425213477;-0.02016169020856837;0.0027040194316045253;-0.01713734097248297
123.9106694;0.0687171999999947;0.29381421303974375;0.2938956260681152;-0.0004517298403991703;-0.021643391124687623;0.0016582149189632543;-0.017578324576826794
124.0197004;0.06852279999999666;0.29200193592820084;0.2922351988021937;-0.004821050793972251;-0.021337269327489486;-0.0015593071309546464;-0.020200887924580465
124.1163978;0.05980359999999507;0.29028664595301906;0.29059342802240606;-0.0048830844025649;-0.021240358448794124;-0.003976768681621745;-0.019384762600415332
124.2084787;0.05665280000000905;0.28980129732846416;0.29059342802240606;-0.0064832689347799986;-0.020461710170495605;-0.004448107620156198;-0.019935132319553805
124.3061507;0.0625880000000052;0.2888084991073277;0.28897000105021386;-0.007638091369121443;-0.01899714344340375;-0.006425894225793638;-0.019448080116992388
124.4092109;0.06701470000000143;0.2878433966549343;0.28897000105021386;-0.004905527495495162;-0.015928682160646853;-0.008257218597001039;-0.017424511148419912
124.5206364;0.07158479999999656;0.28729131070531333;0.2873646121554904;-0.0006912993650365225;-0.012981196266156526;-0.005041568699180819;-0.016126391874488565
124.6120775;0.05394790000001137;0.2878881395729876;0.2873646121554904;-0.0017045722326631753;-0.01031503099374277;-0.0058852643670230685;-0.013576821653329348
124.7107681;0.06165469999999118;0.2883065506703829;0.29059342802240606;-0.0023408019197008636;-0.008068203899465033;-0.0045129480539906385;-0.00987859511067124
124.8171603;0.06674509999999145;0.290618405324052;0.29059342802240606;-0.001883137534011802;-0.005593628222386574;-0.002985565169815924;-0.007097817327156415
124.9216152;0.06802969999999675;0.29159185040511487;0.2922351988021937;-0.0007475034900631694;-0.0031978095629963694;-0.00241328385004517;-0.004722000903937472
125.0250931;0.07085599999999204;0.29452389622734865;0.2938956260681152;-0.0014126999069908868;-0.0015500032465477443;-0.0012614191014383596;-0.002956213209164356
125.1447259;0.08203070000000423;0.2944695369324661;0.2955750296456473;-0.0016809699711148136;0.0004975326692188856;-0.0021170309680205875;-0.002594017270483121
125.2448107;0.06393159999998943;0.2965312061892356;0.29727373671257634;-0.0035941502366044994;0.0031612870906468173;-0.002687356333767422;-0.00047648374001137806
125.3428956;0.062268200000005436;0.29816622745312416;0.29727373671257634;-0.0031611123540624584;0.004372044591980214;-0.002811024689838646;0.0024154256490811965
125.4354591;0.05645670000001246;0.29859390054941665;0.29899208201149297;-0.003464317167849821;0.006182241304003712;-0.003927573843077168;0.0029416294055185956
125.5382702;0.06678070000000957;0.29852838067952187;0.3007304080696993;-0.0029650618501818474;0.008233323927174269;-0.005539753574388616;0.004205968129160545
125.6423244;0.0671104999999983;0.2984835346655109;0.3007304080696993;-0.000255213196607458;0.006471050031941438;-0.000704219170637512;0.0039532751273938715
125.7453524;0.06348840000001132;0.2993902715542865;0.3007304080696993;-0.0015964851072392647;0.004975562308583519;-0.001499957389742211;0.0036506396220729134
125.8500466;0.06688460000000873;0.29943541654507894;0.3007304080696993;-0.0013409657552594775;0.0046341235949981675;-0.001215527205784939;0.0034201563995246856
125.9630446;0.07544130000000848;0.2997152048624908;0.3007304080696993;-0.0018485714124063504;0.004385888883767428;-0.002048686301566848;0.003000736681187179
126.0784482;0.07615579999999511;0.3003542827239131;0.3007304080696993;-0.0021439800173709395;0.0037694572399737786;-0.002805517936294409;0.0019765236703018526
126.1971553;0.07907860000000255;0.30139229893661973;0.30248906542683207;-0.00033959963405873417;0.0032552641722967523;-0.001389767762975836;0.0022464320129003046
126.306558;0.07472869999999432;0.30075392667200407;0.30248906542683207;-0.0006257934168951176;0.003793845792664679;-0.001109640783350309;0.0032803924741318423
126.4141977;0.06878280000000814;0.30146404771257973;0.3042684128705193;-0.0008996171533128539;0.004208331245462527;-0.0020096609422363904;0.0030356290864051298
126.5084616;0.05636339999999507;0.30286287089177144;0.3042684128705193;-0.004593048059331455;0.0006937205353530611;-0.004889155622060657;3.840555659629166e-05
126.5997572;0.054170299999995564;0.30130733378135;0.3042684128705193;-0.007095978544002782;0.002383483610398675;-0.006933959274488916;0.0007326556573307702
126.6975513;0.052161299999994526;0.3018098123333337;0.306068817680404;-0.009109287015431218;0.0038482371712950957;-0.010916658181252929;0.003069667084923371
126.8026991;0.059446300000004726;0.3029230060432495;0.306068817680404;-0.011653669332911657;0.0027392333121312763;-0.012356287167299553;0.0033343414440917514
126.892765;0.0518636999999984;0.30315441567967105;0.306068817680404;-0.014303828562503331;0.001513780571908529;-0.011848927037200155;0.0016851813090965092
126.9818688;0.04964550000001111;0.30270847774220894;0.3078906558808826;-0.018284657794360972;0.0012604260668677722;-0.016426579981289095;0.00010031285499044456
127.1014032;0.05683870000000013;0.3030906708616183;0.3078906558808826;-0.02236423961043736;0.0005365852425347036;-0.015496689535967922;0.00037126805481047155
127.1904189;0.048080999999996266;0.30096291143674614;0.3078906558808826;-0.025755685115405366;0.00033941035623441084;-0.021237085515211848;0.0014062914992864083
127.2912696;0.055201299999993125;0.3023144896233741;0.3078906558808826;-0.029435854485213606;-9.187912095881468e-06;-0.026207363200527932;0.001188821850199861
127.4027967;0.05336269999999388;0.3027946032266063;0.3078906558808826;-0.027241125973997752;0.0025506501427933165;-0.02860882725649559;-0.0005522421066027235
127.491921;0.05091960000000029;0.3021294079646433;0.3078906558808826;-0.028587397875594216;0.0008767099357948715;-0.027422373637315384;0.0006420317988797709
127.5968406;0.055436099999994326;0.3012564508456905;0.306068817680404;-0.028297213056430157;0.0004146698329534848;-0.031058822893267706;-2.1306026005004805e-06
127.693614;0.05622379999999794;0.3015823430249837;0.3078906558808826;-0.029166457611717118;0.0015539564350777353;-0.03010855979566454;-0.0002775303721706302
127.8029063;0.0535072999999926;0.30109741017075503;0.306068817680404;-0.028224197872403545;0.0018546887290611346;-0.02912902145203572;-0.00036583880442283195
127.902034;0.05746650000000386;0.3004217507700745;0.306068817680404;-0.026962562781470276;0.002126362521549757;-0.03334524664984036;-0.000180046264989751
128.0111814;0.06437850000000367;0.30060062211123706;0.3097343125029238;-0.026177814266036124;0.002329580139739636;-0.03067017821181129;0.0007206049594231025
128.1056559;0.056663399999990816;0.2997983436715133;0.3078906558808826;-0.025323650264666545;0.0016782770200793576;-0.03384156432025862;0.001672072116923326
128.1998668;0.05179010000000517;0.3015081465270378;0.3097343125029238;-0.0247990004734251;0.0008529798603786775;-0.03203648488894382;0.0003718470760959517
128.3103587;0.06496819999998138;0.2995788913763838;0.3097343125029238;-0.023410961014999763;0.0011272108456666992;-0.029122278255918826;-0.0015409911632483552
128.4002479;0.051802400000013904;0.29873599844938675;0.3097343125029238;-0.023526643064641473;0.00251517902682538;-0.029272693307366298;-0.0007155957611778313
128.4966054;0.058612500000009504;0.2982065634254145;0.3078906558808826;-0.02285181179763923;0.001099569848513212;-0.02536765137771374;-0.0008351424406908685
128.5996273;0.0519232000000045;0.2979418348073693;0.3078906558808826;-0.024291790732227654;0.00023337985349906434;-0.02144174691734288;-0.001477326417983545
128.6898528;0.0483882000000051;0.29749970107255264;0.306068817680404;-0.02756142178339123;-5.6558356610892e-05;-0.023189917111596587;-0.002933896210148259
128.7853579;0.0448351999999943;0.29736334057320607;0.3078906558808826;-0.029350347122127387;-0.0005507252944076308;-0.024526400102240924;-0.0032055688689858917
128.8968802;0.05812139999997612;0.2959859407725544;0.3078906558808826;-0.029606300248281234;-0.0016905328319894645;-0.024358997204377873;-0.0035541633448186805
129.0130214;0.061520900000004985;0.29532830778003005;0.306068817680404;-0.028417792615871747;-0.0026793100979376015;-0.023285314757487373;-0.003419895231768983
129.1057472;0.053164799999990464;0.29457486592138765;0.306068817680404;-0.026009824679685593;-0.0021727649545927874;-0.02235535342699783;-0.004076001934598499
129.2108428;0.06563079999997967;0.294762556222165;0.306068817680404;-0.027802244292961267;-0.0027713369126221776;-0.02240371776084554;-0.004833713361310511
129.3184368;0.06207739999999262;0.2944835573944412;0.3078906558808826;-0.02706227040392554;-0.0030515376409678365;-0.02221875347283951;-0.004490470653684081
129.4284392;0.07077999999998497;0.2938280880999929;0.3078906558808826;-0.025019409857245257;-0.001955993364030991;-0.02001881254826042;-0.0041332183547826366
129.5231081;0.056294699999995146;0.29448438133761756;0.306068817680404;-0.020219210582624422;-0.0032047115702059023;-0.02017353151124721;-0.003453163452297966
129.6117617;0.052322000000003754;0.2953004713191851;0.306068817680404;-0.012956567387628418;-0.0027512616835529764;-0.014387466252104918;-0.003203108486814786
129.7102313;0.05716079999999124;0.29501653018482554;0.306068817680404;-0.0054777462891540795;-0.0021283368320904913;-0.008036367229287035;-0.003034732061412012
129.7994232;0.05001419999999257;0.2949540807271789;0.306068817680404;-7.061761529920516e-05;-0.0012517143488908016;-0.0033090893732766304;-0.002959618796561276
129.8917105;0.05093389999998976;0.29749977736329936;0.3078906558808826;0.004072386682941836;-0.0007855252024715699;0.0032671477255394334;-0.0014972966319663967
129.9934903;0.04695689999999786;0.2989790025789532;0.3097343125029238;0.010421266215902916;0.0006921771566858451;0.007351205507467477;0.0004417441166670444
130.1181057;0.06280739999999696;0.29993493787103653;0.3097343125029238;0.01833011209274061;0.0028011252866139854;0.010915858535530117;0.0010433810887952707
130.2038037;0.04816020000001231;0.30090005253357444;0.3097343125029238;0.02762969099772545;0.003973610701022837;0.0220699448534127;0.0030069340571670052
130.2907043;0.04622520000000918;0.30460183379418754;0.3116001818553511;0.03173409263392479;0.005532588382710898;0.0290489986808986;0.004630723104025619
130.3918958;0.05158850000000825;0.30497141056306476;0.31348866780598955;0.03608260008690653;0.009298263416387034;0.034515828446319;0.006961781156900884
130.4962769;0.04393959999998742;0.3075324790050232;0.3154001840730993;0.037271449319677935;0.011679620057338826;0.03706933642207849;0.009906337047973331
130.5975794;0.04919940000002043;0.3095540572279088;0.31733515452753547;0.039224771565085095;0.013261600433366862;0.039136392246956885;0.01153806140844977
130.6937338;0.04950759999999832;0.3109883595477327;0.3192940135061005;0.04079904490715037;0.014942350811400225;0.040080852266140846;0.013235952288581283
130.8025052;0.04729900000000953;0.31352982439908667;0.3192940135061005;0.04243688020253308;0.01569623800586059;0.04300216764845467;0.01539213031630288
130.9025216;0.0501416999999833;0.3151018656014997;0.3232851886749267;0.04341234011688958;0.01443923300880619;0.04532552068417016;0.016038598940704002
131.0008127;0.05201729999998861;0.31536010177538826;0.3232851886749267;0.04462052071177837;0.013432794006395667;0.047011373304096105;0.014357977518647444
131.0955546;0.053757799999999634;0.31715937447433407;0.3232851886749267;0.04277369240985576;0.011822763874349981;0.05026252509120971;0.013614803722903504
131.2113297;0.05407959999999434;0.3180828687974129;0.3232851886749267;0.04128718538356713;0.010071657920609461;0.044226590355249215;0.01261797849079048
131.305754;0.053573099999994156;0.31672169449664833;0.3232851886749267;0.04022656253744558;0.008344305722052381;0.04213985278577535;0.011908832855720239
131.4042653;0.05469749999997475;0.31836519830794036;0.3232851886749267;0.04020596108021554;0.0053347498008194496;0.04146555527316437;0.00882904474065785
131.4919118;0.04705660000001899;0.31894641759413045;0.3232851886749267;0.04003963542482564;0.005113195395855177;0.041403753980986814;0.007581380911937575
131.6040192;0.0496358999999984;0.31955785747974413;0.3232851886749267;0.040575579068292116;0.004724673904714125;0.04136208725210106;0.007027969451285176
131.6991954;0.048129899999992176;0.31890996033298696;0.3232851886749267;0.041217895826053993;0.003373088872562881;0.04286939695161343;0.005709152211548878
131.7972712;0.05075980000000868;0.319601910555019;0.3232851886749267;0.04031142746177632;0.004145697996319834;0.04151837460381782;0.005001260667771283
131.8979865;0.05352270000000203;0.31993534759087655;0.3232851886749267;0.03901472107338491;0.004164998636107913;0.03935227030019468;0.0041546544900487245
132.0215864;0.05854320000000257;0.3217343785536582;0.3232851886749267;0.03638158402901739;0.006551401813226137;0.03724788499766494;0.0055063851871046164
132.1220388;0.06158609999999953;0.3214011878824957;0.3232851886749267;0.03685265297451684;0.007422744317636198;0.03441448150450033;0.006618914719218554
132.2181703;0.06013629999998216;0.32249091940044383;0.3253184288552722;0.036490555586830765;0.0070007189637566565;0.035439340237785055;0.006727953406660122
132.3224715;0.06615389999998911;0.32354159352673834;0.3253184288552722;0.036030242107709824;0.008535008428649828;0.03503779497704274;0.006594167052602148
132.4115529;0.05291569999999979;0.324674485616589;0.3294626126623457;0.0338823547397548;0.008477947128961369;0.032843014555331874;0.007845729842145188
132.5236786;0.07142779999998083;0.3254243428701806;0.3294626126623457;0.03198651261936791;0.009395417205155484;0.03213190250771662;0.008554024603596996
132.6175718;0.055357500000013715;0.32591871045177695;0.3294626126623457;0.03069579481382674;0.009811154341892269;0.03140909969485584;0.007892414828059831
132.7230632;0.06209460000002309;0.32712682214634775;0.3294626126623457;0.0287762860236053;0.008596617187868577;0.029183171535631186;0.008015738252980905
132.8142216;0.05562749999998573;0.3278521037615685;0.3315745524871044;0.028948424846443627;0.008134286398680197;0.02955135478565728;0.0066116914238598294
132.9141312;0.06006340000001842;0.3272587488848098;0.3315745524871044;0.029900883660907023;0.005774713402614198;0.028794232070423205;0.006119314044196777
133.016961;0.06314159999999447;0.3293787554138674;0.3315745524871044;0.030538836587815792;0.006491759828243109;0.029869614563064535;0.0056757661841139815
133.1144072;0.0523482000000115;0.33104788997193096;0.3315745524871044;0.030300446865794268;0.00662696572608187;0.03008916320649454;0.004799317177473894
133.2186781;0.06169989999997938;0.33018565194616084;0.3315745524871044;0.03180533625994;0.006197362082869419;0.030478184398599784;0.005005378790349827
133.3099096;0.05458840000000009;0.3313184474805666;0.3315745524871044;0.03270450955377018;0.005144990184801753;0.030812823406146855;0.004375311151666219
133.4109724;0.06357880000001614;0.33141271921306464;0.3358807155064174;0.03288213046508104;0.0029891194810895572;0.03154671825766602;0.0030180562139046235
133.5109764;0.05365260000002081;0.33328243968077265;0.3358807155064174;0.03197496740712788;0.0026942403761103734;0.032208933032387206;0.001458421971756182
133.6134056;0.05539910000001669;0.33493580010094565;0.3337137431483115;0.03373925824497464;0.0037134603591917445;0.03321530200054587;0.0025140346174966173
133.7093153;0.054525200000000495;0.33365350577710123;0.3358807155064174;0.03325065282608983;0.004286379561280962;0.03437174030062943;0.0030077995716710744
133.7982378;0.049771000000021104;0.3361252265040509;0.3358807155064174;0.034372079864075485;0.005461896553425705;0.03469438205875574;0.0035919702582444175
133.910194;0.050778299999990395;0.33626512513031076;0.3358807155064174;0.03534714519785132;0.0037221999386825386;0.03527243349972549;0.0036574706113128193
134.014188;0.056980100000004086;0.3361385369913666;0.338076014300577;0.03490375286710171;0.0039029944297282906;0.03528895505856841;0.003916909060262848
134.1065602;0.051211999999992486;0.3363476404421719;0.338076014300577;0.03342239582907204;0.003319350181430857;0.03456273992845873;0.0030864842050271715
134.2085473;0.045409900000009884;0.3363077221152749;0.338076014300577;0.035693697970300864;0.0029310667704482386;0.03599994320236262;0.0023184456792401673
134.3050102;0.04516060000000266;0.33736173689767895;0.338076014300577;0.03727160100960344;0.0039442800370913704;0.036974360524455144;0.002516314873195966
134.4026323;0.04735979999998108;0.33797151772151685;0.338076014300577;0.03821499366323459;0.00396130304845621;0.03801991204773282;0.0027527938162360357
134.5046482;0.05314879999997402;0.33984541341316266;0.338076014300577;0.03715988189560348;0.0014502887179199864;0.03778059378328489;0.0013020277794944849
134.6175114;0.05413689999997473;0.34166252910441325;0.338076014300577;0.035437500795275724;0.00026377613290628186;0.03523035318875435;-0.0009530348081870021
134.7113095;0.05388709999999719;0.34151844728750036;0.338076014300577;0.033193974438299044;-0.0008040646670556611;0.032985829562041234;-0.0021789225655586748
134.8083575;0.05297480000001542;0.3426845923937304;0.34030019860518607;0.03162605505603403;0.00031737072470483193;0.03117493230478214;-0.0013614010573047477
134.9081627;0.05361679999998614;0.3429941931804775;0.34030019860518607;0.03129668671354149;0.0008616032060530267;0.029822521904363554;-6.397127816982761e-05
135.0104573;0.0468270000000075;0.34537347244636296;0.34255384230455815;0.031042566487937753;0.002756203116288755;0.02852296065180516;-0.00040586003018790103
135.1146471;0.051669099999998025;0.3463726797804885;0.34483753458658856;0.02915142377799769;0.003389852287250602;0.030835913511014924;0.0009250014717939782
135.2026069;0.046852200000017774;0.3479025355689895;0.34483753458658856;0.028199209538025287;0.0030841766785107425;0.02908730696318776;0.0011479469867118589
135.2990968;0.04741580000001022;0.3479370699864165;0.34483753458658856;0.026934715455669656;0.003907171182852464;0.026818170076375946;0.0014961374785329765
135.4120108;0.049686000000008335;0.34958798503066996;0.3471518804562972;0.026990315871962035;0.005251263493499104;0.02683692116446485;0.0020169238815095974
135.5104155;0.0509145999999987;0.3513092220093917;0.3471518804562972;0.028483998941065285;0.004801031293128206;0.02868323703827732;0.0018121756983547524
135.604248;0.04838290000000711;0.3512293321738644;0.3471518804562972;0.030088675284967663;0.0047987806361245965;0.03013725924965402;0.0028735328678476378
135.7269182;0.05354180000000497;0.35288634877765324;0.3471518804562972;0.031000453171980753;0.004506050336971004;0.03220742700863677;0.0039941666943164155
135.8140741;0.04748779999999897;0.35393092594042147;0.3494975012701911;0.03306261454332517;0.005826519294536283;0.0343549054835113;0.006183945409898669
135.9132411;0.05483780000000138;0.35566160344033637;0.3494975012701911;0.03521794569977844;0.006155532280918815;0.03762443161650199;0.007937710194897172
136.0145774;0.058249499999988075;0.35522335971884467;0.3494975012701911;0.03409531354208323;0.0051999893663903195;0.03902623521028235;0.006679856816904317
136.1303764;0.05941169999999829;0.3554385752038277;0.3494975012701911;0.033106691216678225;0.005493153621014723;0.03630120977097879;0.0060272747683587525
136.2173763;0.04925280000000498;0.35706945162013387;0.35428513827389235;0.03335328561096824;0.006616476199816985;0.03459646715711076;0.006408953699697073
136.3147321;0.04717139999999631;0.35973875422358387;0.35428513827389235;0.03477230343723898;0.006165558036790087;0.03790161214759306;0.005162142042248253
136.4013161;0.04557900000000359;0.3597992353519297;0.35428513827389235;0.037297419453433726;0.007299629470511774;0.038722623900826425;0.0036397789762179097
136.5088487;0.042483799999985195;0.3604763593282281;0.35428513827389235;0.03841548741159083;0.008136471105220817;0.026596164185745303;0.005388400570560284
136.6111362;0.046980800000000045;0.36138735037705055;0.35428513827389235;0.03966002291148407;0.007438751211814623;0.027676292639140343;0.005838118083338749
136.7142854;0.05338849999998274;0.3611471498129015;0.35428513827389235;0.03773421949907561;0.004677899452949174;0.02588633727883059;0.005781923715735244
136.8055623;0.04904449999997951;0.3601532742504483;0.35428513827389235;0.03453897361671062;0.001534961885196086;0.023154467577162514;0.0017644268258512658
136.9223408;0.05513359999997647;0.36366330414885584;0.35428513827389235;0.03179792134444344;0.0021245352814617583;0.017021924394517822;-0.0013227940266698469
137.011473;0.047781799999995656;0.3619592025729352;0.35428513827389235;0.030042563105104742;0.0019469658130495037;0.012211733984762068;-0.001847972513791585
137.1012232;0.04368500000001063;0.36311689242175926;0.3567284840550916;0.028698438212555428;0.003725303521449735;0.01302900226425554;0.0010174553660236708
137.2014975;0.04493650000000571;0.36539497671020965;0.35920576519436304;0.023750540200141567;0.008316211608753501;0.009044481856211779;0.0031684456818923943
137.3156115;0.04629169999998339;0.36738905680905076;0.35920576519436304;0.017924875052620227;0.008306500432248355;0.006882294375826693;0.003575002824084303
137.4068368;0.043571800000023586;0.3683431948291642;0.36171769362229567;0.01446203781230326;0.010979433658986272;-0.00039166805958637844;0.009031593195019259
137.5011406;0.04208979999998519;0.3677707040951836;0.36171769362229567;0.00464482765472965;0.012092468766975112;0.0011622982759312277;0.010334141897190825
137.6151508;0.044457200000010744;0.37003482747174177;0.36426500132386114;-0.0025209773833530813;0.013711111836956882;-0.007102613030392069;0.011201638236345453
137.7138822;0.04541150000000016;0.36819110145259326;0.36426500132386114;-0.009009589090863504;0.014375985759249529;-0.012674969609354903;0.01157433811478834
137.8081122;0.0438699999999983;0.36982466036216916;0.36426500132386114;-0.011950982489614405;0.011888420179955232;-0.018959822671825072;0.00895931926065666
137.9029871;0.04417429999998035;0.36718228720400675;0.36171769362229567;-0.01672100568250047;0.00833179286315847;-0.021805904704416353;0.006679538926544421
138.0174302;0.045804099999998016;0.3660479714776785;0.36171769362229567;-0.022095122674401946;0.004204359225274656;-0.024481420010250277;0.00704922024889347
138.1161199;0.04884500000000003;0.3642625820516265;0.36171769362229567;-0.027867840247721504;0.000935581113424188;-0.031379506035178494;0.005852978142644036
138.2162794;0.04925869999999577;0.36407486981806514;0.36171769362229567;-0.03382703142361139;0.001114911436158312;-0.0318992542394146;0.0037444400592870895
138.3052897;0.047091599999987466;0.3617251390660865;0.35920576519436304;-0.04019167995944836;-0.00309671217347218;-0.03787914391844431;0.004279734365280473
138.4171844;0.046184100000004946;0.35963449118761753;0.3567284840550916;-0.03957945259078075;-0.005296736006844765;-0.046349230600023786;-0.0013045160148443665
138.5147343;0.046917799999988574;0.35863952925361836;0.3567284840550916;-0.040187817040932446;-0.00623949946175425;-0.04488187327548087;-0.0026784094154268805
138.6141852;0.04957110000000853;0.35507379675567574;0.3567284840550916;-0.03955865779262864;-0.006432217517452255;-0.04508156867633916;-0.0038317132193969117
138.7109835;0.05059679999999389;0.35422239938714434;0.3518750352924373;-0.04028233931116025;-0.0053968914368478825;-0.04375560106766303;-0.004240549079527122
138.8106001;0.04023530000000619;0.35249907788745816;0.3518750352924373;-0.0420683423535685;-0.007338866633694507;-0.04458636329467143;-0.005054436375827227
138.9125999;0.04552810000001273;0.35147681849537715;0.3471518804562972;-0.04777310118083002;-0.012152132395465533;-0.04873256720505997;-0.0074338780164120944
139.0219782;0.056767899999982774;0.3460349043830577;0.3471518804562972;-0.05067825461557061;-0.015546790909747421;-0.05402545657198874;-0.010137054811317618
139.12789;0.04863709999997923;0.34609737076392255;0.3471518804562972;-0.05717567394672624;-0.017471720000022308;-0.059936972943462674;-0.012994172930309267
139.2216874;0.04680060000001163;0.3481214291906849;0.3471518804562972;-0.06434523072117329;-0.01887650522679976;-0.06996629678660693;-0.014530461418704283
139.3146059;0.044982799999985446;0.3443314736362694;0.34483753458658856;-0.06676296928443268;-0.024674038177114818;-0.07223366186810051;-0.020594026613731903
139.4082389;0.045369200000010323;0.34180559538156524;0.34030019860518607;-0.07006586850820978;-0.031171381166565124;-0.06672066978204526;-0.023250223429596935
139.5158118;0.044681300000007695;0.34296882742919027;0.34030019860518607;-0.07185843221488118;-0.03394382014538555;-0.06836081832193426;-0.026818382456969207
139.6202894;0.049288799999999355;0.3387042376097214;-1;-0.07463415726946081;-0.03724397391046057;-0.06969839966111921;-0.03044495746920766
139.7145184;0.04733809999999039;0.3375885781390731;-1;-0.0756790894649192;-0.03571191789909567;-0.07306325220434978;-0.03404990186762629
139.817778;0.05364969999999403;0.3367189953930675;-1;-0.07381452249549027;-0.0318479454052419;-0.07451500300231653;-0.03120053674993607
139.9250112;0.049354600000015125;0.3330616070335128;-1;-0.07015806608181312;-0.029223923834951197;-0.07151582722186572;-0.02599940142486671
140.0230393;0.049015500000024304;0.3322659472365329;-1;-0.06765248002133704;-0.027490277088157728;-0.07013528717108952;-0.023178632366034835
140.1302563;0.059664400000002615;0.3312654733608668;-1;-0.05960594687399038;-0.028076535612461935;-0.061801168644452245;-0.02373969262752217
140.2318222;0.059324200000020255;0.331068461306113;-1;-0.05635180301832248;-0.021087716883463732;-0.051324968125747016;-0.022453113314617475
140.347433;0.06626149999999598;0.33062832061092096;-1;-0.05086964452233552;-0.014426914575167562;-0.04825369607272872;-0.016292608450357904
140.4481008;0.05983770000000277;0.3295562692020083;-1;-0.04720162787477985;-0.010671054184451294;-0.044457576779837485;-0.01212278487137546
140.5533619;0.06254260000000045;0.32958558929338083;0.3337137431483115;-0.045098828344667496;-0.0072050877927685286;-0.04307453067762998;-0.01017204982863605
140.6548505;0.06134500000001708;0.3283219722580502;0.3337137431483115;-0.04224561479220137;-0.005388287706860344;-0.041427059875993974;-0.008441734981184463
140.7570394;0.06469830000000343;0.32726935124668777;0.3358807155064174;-0.03955442749163852;-0.005029702404773933;-0.03972440411961636;-0.006339461875960586
140.8631121;0.06233760000000643;0.32657940819966763;0.3337137431483115;-0.038892782855612915;-0.005456086747241791;-0.036935256559413224;-0.0050000735811540605
140.9735319;0.0655760000000214;0.32412712364054924;0.3337137431483115;-0.034308704745125526;-0.005870709729312239;-0.03656343271814037;-0.0057588159020600955
141.1102234;0.09090420000001131;0.32274613849680533;0.3315745524871044;-0.033657923136672756;-0.00317287395727913;-0.03219380546206161;-0.005773046855074776
141.2240984;0.06862860000001092;0.32169494177587066;0.3337137431483115;-0.033324928312053456;-0.004477381033912535;-0.032686057535049204;-0.005278859098943478
141.3426156;0.07212549999999851;0.32030180422907756;0.3315745524871044;-0.03375690529081268;-0.005831801857461075;-0.033293552643689564;-0.006172037928719295
141.4653052;0.07362279999998123;0.31888466552722605;0.3294626126623457;-0.03453212221363702;-0.006533036017940935;-0.03380662754589625;-0.007105176087091226
141.5878344;0.07566959999999767;0.31643476844071555;0.32737740625309036;-0.03231490636165015;-0.005369091458461537;-0.03444590333092598;-0.0074503769814847146
141.7027585;0.06797549999998864;0.31440365490667505;0.32737740625309036;-0.03614211718978814;-0.007393243564247035;-0.03670215832778685;-0.009189166577926237
141.8169282;0.06603999999998678;0.31180167333095415;0.3253184288552722;-0.03472001732018521;-0.007187195577658177;-0.03807898853123902;-0.008745210812043217
141.9303681;0.0660902000000192;0.3095811073386162;0.3253184288552722;-0.03491090619862048;-0.0077399254022211365;-0.03799082265490865;-0.008484814721292883
142.0502787;0.07045960000002083;0.3075071521838197;0.3253184288552722;-0.03318327566728023;-0.0073031612199579215;-0.03711416228486557;-0.008618712410652627
142.1768025;0.08220610000000761;0.30800745664794316;0.3253184288552722;-0.033012195382106965;-0.007591440839763671;-0.03496483159794167;-0.009075849635408242
142.3283754;0.09823339999999803;0.30667440813840513;0.3212772061365732;-0.032695640789750215;-0.010818444169883356;-0.032990148694409235;-0.013221448427176347
142.4779739;0.09487740000000144;0.3054037637596762;0.31733515452753547;-0.02943565118442964;-0.011683238998987452;-0.03156474397834619;-0.013331647726151813
142.6393045;0.10492510000000266;0.3050864343846729;0.31733515452753547;-0.02539351755567364;-0.012220444634995048;-0.027487374405863112;-0.013745650860095864
142.7911877;0.09764800000002083;0.30357391045072346;0.31733515452753547;-0.024126457247129703;-0.011873511512020478;-0.02518113108437121;-0.013687884902781725
142.939188;0.09034710000000246;0.30341443684975056;0.31348866780598955;-0.015962804621192022;-0.008429805838637444;-0.023166799588197912;-0.014803008613155946
143.0813216;0.08988989999997443;0.3035235729426432;0.3116001818553511;-0.0126325526856755;-0.00782881566594633;-0.0159777796904707;-0.012383487464725038
143.2179626;0.08267330000001039;0.30443566328712207;0.3078906558808826;-0.008150488977969156;-0.007348204464319219;-0.010042941568618798;-0.01184653435948541
143.353865;0.07970559999998272;0.30217793985663044;0.306068817680404;-0.0013998544412006236;-0.009872352878561709;-0.002530712283674918;-0.01383810106252704
143.4741549;0.06862870000000498;0.3030878729906464;0.3042684128705193;0.0032057452018944225;-0.009932368807447706;0.0023982430057326283;-0.014866882720983831
143.5961259;0.07083860000000186;0.30403151773292253;0.30248906542683207;0.010947979852651748;-0.007635791193356938;0.00962236497837734;-0.01591388253304873
143.7141677;0.06676609999999528;0.3044771092587954;0.30248906542683207;0.012685747678704099;-0.006252300627068167;0.012315671760748385;-0.011547633221996575
143.8224408;0.06406999999998675;0.3054636713315499;0.3007304080696993;0.01504678615284586;-0.0029508402752755217;0.016014041597859553;-0.008414924652942536
143.9371168;0.06437339999999381;0.30641630574166734;0.30248906542683207;0.01873594369462149;0.001672829303703674;0.01649791218130523;-0.003666558173834971
144.0730176;0.07316269999998326;0.3077660800320141;0.3042684128705193;0.02129124984927279;0.004512764495488892;0.020119522570248894;-0.0007626066059440575
144.2057856;0.08224469999998973;0.3110239297000593;0.3078906558808826;0.0267642777444076;0.0060583702831538645;0.034944381999990726;0.0015960515365256334
144.3450485;0.0856420000000071;0.31462991085653363;0.3116001818553511;0.02755522615881771;0.005842002804176708;0.03544779931687408;0.002035805087484988
144.4871944;0.08738500000001181;0.31628055392560195;0.31348866780598955;0.02556564284095357;0.008543818967281016;0.03575798786787938;0.00282297406842659
144.6248357;0.08577260000001274;0.3205565021867243;0.3192940135061005;0.024838288006084404;0.009950859501875084;0.033408135581985014;0.006461508103030897
144.7569895;0.0820344999999918;0.32704820005918317;0.3253184288552722;0.020109756050706463;0.015525957129290675;0.031780352870430406;0.010784782755682874
144.8917011;0.08506880000001615;0.3309451851709289;0.3315745524871044;0.018723252032720298;0.017177059122563808;0.02696313936545298;0.01397561449943617
145.0226427;0.07801980000002118;0.3365140482140934;0.3337137431483115;0.01464140011757061;0.013540492143477387;0.02511409363452387;0.01324598376124124
145.1436871;0.0713600999999926;0.33845295632855743;0.3358807155064174;0.010991923592868078;0.007122323787197179;0.024552574350671395;0.009691719137549435
145.2694715;0.07596540000000118;0.3397448697277401;0.34030019860518607;0.005716667270777526;0.002662472140612956;0.01973698121227182;0.004604062930566874
145.385182;0.0693552999999838;0.3419680562985723;0.34030019860518607;-0.0009214385608207474;-0.0010963521751898104;0.014776290576839471;-0.00010620269645309627
145.5086235;0.07282000000000721;0.34081918830705243;0.34030019860518607;-0.005550151938032356;-0.0071279064152910965;-0.0035945782556515253;-0.007025209332795756
145.6291109;0.0697830999999951;0.3410272572232046;0.34030019860518607;-0.009579299245644482;-0.0062036105243578835;-0.006864695910291284;-0.005610417886516889
145.7653393;0.0864206999999908;0.34147088428406325;0.34255384230455815;-0.0110304236303918;-0.004435692972372905;-0.008678564242206295;-0.0035147640336054644
145.9101956;0.09031279999999242;0.3439653783127824;0.34255384230455815;-0.012170551498923272;-0.00833889317710084;-0.009889919119614007;-0.00466054940571987
146.063964;0.1001062999999931;0.3484405737916203;0.3471518804562972;-0.011521314748421517;-0.012193878259738054;-0.010094249942207164;-0.009360419929093302
146.2329843;0.11132779999999798;0.3514989963137554;0.3494975012701911;-0.008707727659244354;-0.010917422570737382;-0.008593784152947145;-0.010217453223901163
146.4007329;0.11188169999999786;0.36074519093594615;0.35920576519436304;-0.009742903602466355;-0.010386874066041808;-0.009278901397912199;-0.010672387124218679
146.5228223;0.06958009999999604;0.36365953789924726;0.36171769362229567;-0.009390080021109847;-0.00778956610393604;-0.013066411392450055;-0.00852774137158333
146.6370371;0.060708899999980304;0.3700101881183002;0.36426500132386114;-0.01700834988081561;-0.02867129413622013;-0.02095209698193402;-0.026359999128534928
146.7511361;0.06181010000000242;0.3701381080468045;0.36426500132386114;-0.019375022467696484;-0.018481182117841152;-0.014726768026921045;-0.021299001195041644
146.862592;0.05744079999999485;0.3698598814123371;0.36684844104956227;-0.025469248449403903;-0.014274969169276;-0.015258468829332936;-0.009263756903807766
146.9629613;0.055332099999986895;0.374297212686405;0.36946878705705916;-0.03318064657710148;-0.02720659963750755;-0.03024384026709276;-0.026411736591991964
147.0713008;0.05661100000000374;0.37874940644924926;0.36684844104956227;-0.018543542954123873;-0.03206867502746258;-0.024848481279571528;-0.021455357562525607
147.1795307;0.057176999999995815;0.38921594995027575;0.36946878705705916;-0.01666715948651447;-0.03365190373402366;-0.005629792033601597;-0.02103876713861713
147.2831913;0.05238460000001055;0.3905591232351603;0.36426500132386114;-0.0357058570485188;-0.04287818223013947;-0.048724777376261165;-0.029940564198895007
147.3951772;0.06022279999999114;0.3905591232351603;0.35920576519436304;-0.0357058570485188;-0.04287818223013947;-0.06823131255549313;-0.0520220808854447
147.5192315;0.07182249999999613;0.38189804947414974;0.3518750352924373;-0.03828057933193125;-0.07800039603784129;-0.01677386595720255;-0.071538237168588
147.6260962;0.05618459999999459;0.39017065821380237;0.3518750352924373;-0.03210350660633686;-0.09349646255584299;0.014971950312945454;-0.16830493856692091
147.7272837;0.05076650000000882;0.39017065821380237;0.3471518804562972;-0.03210350660633686;-0.09349646255584299;-0.17029241621903957;-0.19594627497066963
147.8273926;0.04635339999998678;0.39017065821380237;0.34483753458658856;-0.03210350660633686;-0.09349646255584299;-0.17029241621903957;-0.19594627497066963
147.9281521;0.04783869999999979;0.3855371709699204;0.34483753458658856;-0.06202725242086035;-0.06870286635325706;-0.17029241621903957;-0.19594627497066963
148.0457255;0.06423970000000168;0.39127485676270757;0.3518750352924373;-0.058085162310349735;-0.05917631387875027;-0.22802220435780862;-0.22307438436124763
148.1552272;0.05495629999998641;0.3887960062803385;0.3494975012701911;-0.0411922491024865;-0.06276427953066743;0.7825179286399726;0.23669394948907851
148.2542826;0.053423600000002125;0.38528097200366296;0.34483753458658856;-0.02449175843401766;-0.05886124588286717;0.8524185974181544;0.2519839546078509
148.3663551;0.05883810000000267;0.3944835140883573;0.34483753458658856;-0.04111217373598996;-0.0663340033555419;0.6742470733724474;0.13234943114236306
148.4868136;0.06833340000000021;0.3944835140883573;0.34255384230455815;-0.04111217373598996;-0.0663340033555419;0.6544019039191955;0.130036968866831
148.5991645;0.05690640000000258;0.3944835140883573;0.34483753458658856;-0.04111217373598996;-0.0663340033555419;0.6094340217910912;0.05579899625385988
148.7125087;0.05473839999999086;0.3944835140883573;0.34483753458658856;-0.04111217373598996;-0.0663340033555419;0.4695799464080216;0.00343515267614245
148.8175213;0.05303440000000137;0.3944835140883573;0.34483753458658856;-0.04111217373598996;-0.0663340033555419;0.4274374387248597;0.028164137132276734
148.9309422;0.0612980999999877;0.3944835140883573;0.34483753458658856;-0.04111217373598996;-0.0663340033555419;0.4041910500273344;0.12234276337726865
149.0699086;0.07121769999997696;0.3944835140883573;0.34255384230455815;-0.04111217373598996;-0.0663340033555419;0.60040798789046;0.16605551939868565
149.19835;0.07002149999999574;0.3944835140883573;0.34255384230455815;-0.04111217373598996;-0.0663340033555419;0.6553260720936296;0.18697611364065667
149.3144758;0.05880020000000741;0.3944835140883573;0.338076014300577;-0.04111217373598996;-0.0663340033555419;-0.3496472225624591;-0.2845918910467566
149.4344679;0.05990830000001779;0.3944835140883573;0.34255384230455815;-0.04111217373598996;-0.0663340033555419;-0.5397943753707566;-0.36654474457462916
149.5593159;0.06256330000002208;0.3944835140883573;0.34255384230455815;-0.04111217373598996;-0.0663340033555419;-0.5397943753707566;-0.36654474457462916
149.6886226;0.07898910000000114;0.3944835140883573;0.34030019860518607;-0.04111217373598996;-0.0663340033555419;-0.3660172986363493;-0.2539230547889094
